#points
0 0
2 0
2 1
0 1
0.7 0.5
0.673205 0.6
0.6 0.673205
0.5 0.7
0.4 0.673205
0.326795 0.6
0.3 0.5
0.326795 0.4
0.4 0.326795
0.5 0.3
0.6 0.326795
0.673205 0.4
1.7 0.5
1.67321 0.6
1.6 0.673205
1.5 0.7
1.4 0.673205
1.32679 0.6
1.3 0.5
1.32679 0.4
1.4 0.326795
1.5 0.3
1.6 0.326795
1.67321 0.4
0 0.5
0.5 0
1 0
0.5 1
1 1
1.5 0
2 0.5
1.5 1
1.4375 1
0.204315 0.263988
0 0.75
0.277194 0.277194
0.885111 0.1829
0.428331 0.232527
0.277194 0.722806
0.955988 0.622182
1.08291 0.805395
1.59019 0.166009
1.00263 0.264259
1.81529 0.84038
1.7188 0.114634
1.36258 0.840281
1.625 1
1.72281 0.722806
0.239349 0.430159
0.239349 0.569841
0.363397 0.363397
0.301995 0.338597
0.345301 0.285396
0.273043 0.386
0 0.25
0.342312 0.327189
0.195375 0.415572
0.191775 0.5
0.244888 0.325952
0.198024 0.666204
0.449702 0.281627
0.178449 0.550259
0.396643 0.274395
0.128823 0.597773
0.223483 0.372614
0.119144 0.33502
0.181633 0.325175
0.363952 0.216727
0.25 0
0.157477 0.37509
0.113368 0.454366
0.148145 0.421807
0.15824 0.467443
0.130952 0.529102
0.142737 0.281535
0 0.375
0.105211 0.296928
0 0.625
0.325528 0.16271
0.186652 0.608499
0.151893 0.196848
0.253586 0.199782
0 0.5625
0.316147 0.24061
0.125 0
0.100392 0.562523
0.245471 0.244563
0.164489 0.241049
0.105315 0.234016
0.202509 0.206319
0.217259 0.118761
0.223149 0.164775
0.273757 0.134913
0 0.125
0.0920451 0.169617
0.262517 0.0673442
0.0505938 0.228411
0 0.1875
0.375 0
0.133545 0.157791
0.179461 0.146982
0.0635793 0.111089
0.0466125 0.181595
0.3125 0.0232188
0.330188 0.0919207
0 0.0625
0.153635 0.0729706
0.0370298 0.141995
0.289858 0.0975154
0.357378 0.0482924
0.4375 0
0.0625 0.03125
0.1875 0
0.194519 0.0832602
0.416779 0.140536
0.384968 0.0957734
0.368595 0.141094
0.109944 0.0480123
0.0435292 0.0714334
0.220337 0.0403487
0.15625 0.0298407
0.404948 0.188743
0.245888 0.485736
0.263315 0.529398
0.313397 0.55
0 0.3125
0.0572458 0.336066
0.0889871 0.39347
0.0457228 0.282745
0 0.4375
0.045347 0.380123
0.0809489 0.432017
0.0731564 0.501692
0.0660817 0.619288
0.035875 0.53125
0.0445824 0.577463
0.120412 0.675484
0.150995 0.639484
0 0.6875
0.0396244 0.422209
0.106412 0.634658
0.0372915 0.470008
0.0359892 0.65625
0.298703 0.198995
0.115694 0.108774
0.461192 0.075289
0.412002 0.0483079
0.426881 0.0996728
0.46875 0.0315384
0.75 0
0.509343 0.155804
0.461663 0.186591
0.522879 0.229082
0.475976 0.24099
0.625 0
0.502533 0.105221
0.465066 0.136015
0.617764 0.115458
0.558991 0.12337
0.5625 0
0.598681 0.195952
0.583636 0.0842006
0.63829 0.0587887
0.555586 0.172375
0.6875 0
0.747251 0.130307
0.684272 0.107496
0.59375 0.0369086
0.53125 0.0518888
0.692215 0.0539379
0.68768 0.196431
0.656002 0.153112
0.704037 0.151271
0.24667 0.760553
0.0655526 0.721382
0.0253804 0.71875
0.0755327 0.677576
0.127347 0.739507
0.163093 0.703248
0.218811 0.720798
0.181336 0.742554
0.245002 0.809068
0 0.875
0.25 1
0.148908 0.83732
0.318354 0.787304
0.151838 0.785391
0.558981 0.279878
0.570069 0.233771
0.642842 0.259095
0.603992 0.281915
0.756914 0.0653285
0.724864 0.0937704
0.728854 0.0352679
0.875 0
0.860958 0.114008
0.8125 0.0264157
0.801673 0.105192
0.837213 0.0699445
0.816544 0.208937
0.793629 0.159283
0.745562 0.191854
0.846393 0.165048
0.991169 0.178766
0.920054 0.158471
0.754304 0.311542
0.721337 0.253787
0.940723 0.0694969
0.888971 0.0704821
0.915619 0.110553
0.976205 0.119395
1.00312 0.0626908
1.25 0
1.02031 0.13985
1.06065 0.200422
0.920658 0.291098
0.887998 0.225438
0.772025 0.237909
0.836021 0.287556
0.812639 0.251626
0.685868 0.312318
0.680907 0.238958
0.943552 0.210875
0.986317 0.222932
0.923756 0.248604
0.879114 0.27081
0.720655 0.362098
0.822764 0.393584
0.740477 0.435564
0.776376 0.362709
0.71458 0.403144
0.686603 0.45
0.8016 0.321483
0.778889 0.409219
0.842945 0.519597
0.82116 0.458464
1.125 0
0.96297 0.429511
0.771354 0.51066
1.09173 0.136009
0.896568 0.466041
0.739481 0.47987
0.8094 0.497102
0.7925 0.632474
0.686603 0.55
1.05715 0.159031
1.05354 0.0919524
1.12187 0.0713093
1.23517 0.24493
0.857069 0.480116
0.862404 0.427024
0.887331 0.357261
0.847053 0.333172
0.800506 0.568342
0.738478 0.590695
1.0625 0
1.04714 0.0449162
1.1075 0.183324
1.15242 0.204999
0.96291 0.353856
0.913241 0.405854
0.878801 0.593661
0.734538 0.542306
1.09375 0.0343525
1.1875 0
1.16646 0.131457
0.924164 0.334339
0.84506 0.564285
1.15625 0.0370939
1.12786 0.113471
0.200872 0.787581
0.0690942 0.806769
0.10636 0.780187
0.0455622 0.764978
0 0.8125
0.0373767 0.84375
0.167016 0.883688
0.049479 0.896202
0.125 1
0 0.9375
0.103345 0.83682
0.259975 0.86256
0.125317 0.910874
0.205434 0.852034
0.179112 0.930407
0.375 1
0.289748 0.825385
0.365361 0.852401
0.222624 0.909532
0.1875 1
0.324068 0.848651
0.263891 0.922953
0.3125 1
0.381143 0.925484
0.315732 0.889268
0.35666 0.892526
0.0625 0.96875
0.137877 0.955482
0.219939 0.959721
0.362079 0.961424
0.313086 0.94193
0.275966 0.964906
0.0401533 0.935318
0.636603 0.363397
0.678501 0.354511
0.972987 0.526336
1.10187 0.296162
1.10148 0.239583
1.05612 0.268185
1.04064 0.34489
1.02674 0.302171
0.970077 0.303429
0.879482 0.710529
1.21596 0.17902
1.19589 0.220625
1.17758 0.294116
1.13898 0.267616
1.17574 0.17134
1.25106 0.0929462
1.21141 0.0518536
1.20303 0.0996139
1.33889 0.178948
1.27744 0.196858
1.25879 0.146289
1.375 0
1.33165 0.268492
1.3033 0.151674
1.3125 0
1.44565 0.11306
1.3182 0.22234
1.2832 0.257576
1.2917 0.332859
1.36712 0.105257
1.25512 0.0440993
1.31181 0.0734112
1.32501 0.11444
1.29495 0.0365448
1.34375 0.0370009
0.348552 0.722652
0.312922 0.745389
0.31275 0.665747
0.431118 0.757072
0.312836 0.705408
0.255402 0.669618
0.363397 0.636603
0.39732 0.721906
0.45 0.686603
0.375854 0.77636
0.352832 0.811928
0.236681 0.62145
0.278648 0.597747
0.28211 0.638562
0.0918518 0.880517
0.4375 1
0.46875 0.917796
0.46875 0.964838
0.421025 0.953891
0.931964 0.568491
0.919602 0.515422
0.944146 0.473911
1.00665 0.391648
1.14846 0.459003
1.03699 0.470784
0.990402 0.467331
1.07971 0.409022
1.0468 0.385102
0.90112 0.651967
0.842946 0.663751
0.75 1
0.837248 0.61662
0.777046 0.713719
0.800391 0.676067
0.715822 0.665355
0.709747 0.622744
1.3634 0.363397
1.35129 0.314686
1.23728 0.305708
1.22401 0.400402
1.198 0.348481
1.24743 0.356188
1.2754 0.399312
1.3134 0.45
1.24957 0.459692
1.1623 0.398845
1.14091 0.338906
1.09172 0.357646
1.12317 0.421511
1.09316 0.469025
1.14781 0.612971
1.13384 0.535927
1.12636 0.494656
1.1991 0.44629
1.20648 0.520232
1.25267 0.507508
1.28489 0.55764
1.24002 0.643943
1.27634 0.60801
1.31401 0.682415
1.21655 0.583903
1.2832 0.651274
1.25022 0.714719
1.24252 0.549446
1.19434 0.62719
1.14082 0.719079
1.15678 0.666846
1.19513 0.707119
1.05218 0.663436
1.12987 0.874808
1.10402 0.679278
1.07627 0.852425
1.25 1
1.04879 0.767259
1.09254 0.624086
1.375 1
1.06451 0.715805
1.10552 0.763626
1.02466 0.594831
1.11235 0.57961
1.32199 0.739846
1.15006 0.762669
0.971928 0.715642
1.33961 0.92241
0.978862 0.579727
1.06698 0.530524
1.35995 0.705301
1.43192 0.754071
1.40347 0.718569
1.45 0.686603
1.18499 0.790346
1.0182 0.729781
0.971781 0.798899
0.926721 0.694705
0.921869 0.758644
1.45771 0.883625
1.37331 0.775136
1.44802 0.836642
1.01819 0.85282
1.41575 0.801146
1.50982 0.807149
1.46361 0.791272
1.48024 0.745012
1.40663 0.869674
1.03573 0.810839
1.217 0.752017
1.26999 0.828811
1.23283 0.797773
1.28229 0.776321
1.20537 0.868401
1.04753 0.895794
1.125 1
1.01111 0.942127
1.4147 0.940633
1.319 0.812613
1.31274 0.87062
1.0625 1
1.3645 0.885097
1.26587 0.927796
0.900547 0.947997
1.06442 0.946545
1.26358 0.878123
0.875 1
1.09456 0.908324
1.15682 0.938547
1.17654 0.557601
1.00403 0.642925
0.964755 0.667887
1.06662 0.576366
1.02052 0.516448
0.964177 0.757257
1.47662 0.942625
1.75 1
1.49291 0.904877
1.37152 0.954719
1.3125 1
0.830878 0.796074
0.9375 1
1.11162 0.954108
1.16965 0.895553
1.21117 0.931358
1.1875 1
1.56981 0.867861
1.5625 1
1.30484 0.953793
0.869923 0.761678
0.900297 0.835515
0.820026 0.744397
0.837386 0.705751
1.21875 0.972374
1.53924 0.902739
1.51397 0.858195
1.60594 0.930369
1.52848 0.954944
1.57192 0.957514
0.928188 0.80188
0.957152 0.858425
0.991346 0.895626
0.941561 0.907072
1.68919 0.840564
1.65625 0.954019
1.63371 0.872625
1.6875 1
1.60892 0.774257
1.54731 0.747615
1.68245 0.892918
2 0.75
1.75095 0.912844
1.60495 0.827568
1.55662 0.820899
1.65167 0.804247
1.66312 0.742461
1.55 0.686603
1.5938 0.724672
1.51295 0.767548
1.75885 0.843574
1.82942 0.687033
1.73315 0.956233
1.56896 0.782097
1.70944 0.782667
1.72495 0.820579
1.8125 1
1.74274 0.75868
1.86682 0.817145
1.6366 0.636603
1.77552 0.880561
1.72487 0.874785
1.875 1
1.77943 0.714813
1.81283 0.934454
1.78439 0.794754
1.76193 0.62446
1.86814 0.888829
1.83261 0.751635
1.78545 0.666776
1.83842 0.609643
1.82167 0.886465
1.68531 0.709389
1.63711 0.702774
1.72213 0.665583
1.68147 0.644872
1.78125 0.967069
1.84375 0.967384
2 0.875
1.7915 0.754188
2 0.625
1.82845 0.795498
1.93091 0.851824
1.88789 0.764455
1.94485 0.764227
1.91447 0.80564
2 0.8125
1.86734 0.717539
1.91967 0.612497
1.88907 0.852591
2 0.9375
1.89213 0.952305
1.97205 0.84375
1.84749 0.649917
2 0.6875
1.95573 0.892403
1.91144 0.902632
1.95409 0.65567
1.8535 0.534693
1.91593 0.724217
1.90066 0.669611
1.40127 0.160589
1.36308 0.145959
1.40532 0.119887
1.40812 0.0554025
1.49211 0.200921
1.3872 0.227919
1.38619 0.278316
1.44972 0.254377
1.4375 0
1.47088 0.0555946
1.45367 0.165033
1.52057 0.128094
1.45 0.313397
1.49935 0.250198
1.56308 0.215666
1.43213 0.20884
1.48778 0.0972886
1.6875 0
1.53442 0.175478
1.5625 0
1.65104 0.202594
1.63625 0.133154
1.75 0
1.6366 0.363397
1.63602 0.271986
1.61614 0.0586011
1.5837 0.108199
1.55 0.313397
1.60679 0.207296
1.625 0
1.70698 0.329627
1.85502 0.275359
1.70977 0.251621
1.51404 0.042782
1.5477 0.263348
1.66757 0.24249
1.74849 0.145545
1.59336 0.252315
1.69032 0.157934
1.69384 0.0788792
1.7294 0.198681
1.67605 0.117693
1.875 0
2 0.25
1.78472 0.249296
1.74698 0.0823449
1.71875 0.0371841
1.85614 0.111365
1.79733 0.112765
1.8125 0
1.82846 0.184489
1.82599 0.0807331
1.77816 0.1862
1.82746 0.142308
1.84375 0.0362718
1.92858 0.11276
1.78125 0.0423733
1.86968 0.0705618
1.9375 0
1.90625 0.0378359
1.88845 0.497873
2 0.125
1.93219 0.230148
1.86527 0.223046
1.82213 0.227381
2 0.1875
1.97396 0.0625
1.9045 0.172249
1.91335 0.461239
1.90423 0.292595
1.84529 0.381996
1.86354 0.329899
1.78526 0.331722
1.82474 0.345553
1.95789 0.15625
1.97234 0.21875
1.96719 0.101998
1.9326 0.0707731
1.89197 0.132554
1.89609 0.251469
0.421169 0.878595
0.414419 0.820427
0.533365 0.817899
0.480773 0.854727
0.466833 0.800363
0.483522 0.750217
0.657084 0.657084
0.668589 0.788084
0.645201 0.724133
0.681556 0.695999
0.595584 0.778531
0.545055 0.742596
0.55 0.686603
0.594003 0.727262
0.554619 0.78264
0.634577 0.76427
0.625 1
0.588118 0.835582
0.628353 0.811833
0.681294 0.855565
0.54381 0.897662
0.522082 0.948907
0.551253 0.856122
0.5625 1
0.748955 0.807889
0.773616 0.763971
0.717765 0.761493
0.50191 0.891437
0.704257 0.816305
0.59375 0.941417
0.596222 0.888218
0.656329 0.917669
0.633846 0.859094
0.741098 0.915676
0.735835 0.861112
0.796531 0.847847
0.848841 0.84527
0.884418 0.892348
0.635394 0.956829
0.6875 1
0.698285 0.898465
0.740008 0.958423
0.8125 1
0.82479 0.889282
0.779048 0.890124
0.69169 0.951347
1.3634 0.636603
1.13711 0.819319
1.17853 0.833722
0.802898 0.942893
0.852433 0.931846
0.84375 0.972534
1.69529 0.93459
1.9375 1
1.94622 0.946016
1.78927 0.560762
1.83 0.568957
1.88074 0.578564
1.92721 0.519311
1.79724 0.601899
1.6866 0.55
1.71709 0.616491
1.73981 0.537463
1.7821 0.452636
1.74818 0.488682
1.71207 0.443175
1.73289 0.385352
1.78927 0.389575
1.74572 0.345498
1.75028 0.424272
1.80423 0.50547
1.85415 0.453507
1.84432 0.494023
1.82207 0.421176
1.92909 0.360555
2 0.375
1.87625 0.414467
1.95616 0.701713
1.5637 0.059704
1.65789 0.317555
1.66204 0.0417392
1.80948 0.290349
0.72775 0.713216
0.961274 0.954486
2 0.5625
1.94761 0.567861
1.74849 0.290616
2 0.4375
1.92753 0.411883
1.95619 0.481704
1.95834 0.440028
2 0.3125
1.95503 0.277856
1.95571 0.323485
0.293254 0.444603
0.9375 0
0.90625 0.0304313
0.968355 0.0333923
#triangles
60 52 61
56 55 39
196 173 197
181 140 182
560 536 707
52 126 61
266 245 242
87 56 39
125 155 41
54 59 12
530 536 518
501 503 512
77 67 89
71 87 147
459 476 425
20 430 428
164 161 175
383 380 335
371 375 247
54 55 59
193 225 224
355 353 354
326 327 330
266 4 245
193 164 225
12 66 64
37 39 62
421 427 393
228 219 229
57 742 52
326 325 333
568 325 569
442 493 439
577 601 584
541 533 536
64 157 13
218 249 261
344 348 342
354 127 128
658 659 661
423 432 695
575 581 25
517 522 532
70 78 37
455 36 417
495 475 492
27 714 713
364 369 366
38 142 179
274 190 184
185 177 189
400 403 399
349 342 8
169 205 176
427 391 394
5 258 377
584 726 579
410 412 418
592 727 26
261 249 243
226 40 208
566 550 554
531 509 527
727 600 598
48 613 604
423 695 419
459 455 476
493 484 492
495 492 496
554 560 567
414 460 486
61 126 127
52 68 57
355 344 347
75 73 60
52 60 68
11 57 55
54 11 55
71 41 66
12 56 66
742 57 11
132 80 130
138 86 28
55 62 39
55 56 59
12 59 56
139 89 137
73 68 60
77 74 76
57 62 55
12 64 13
56 87 71
62 68 70
93 37 91
87 90 147
64 66 41
90 39 37
157 155 156
61 53 65
73 70 68
56 71 66
62 57 68
131 73 75
132 130 129
78 70 69
37 62 70
86 139 81
91 92 84
91 37 78
144 137 67
76 75 60
69 70 73
61 77 76
131 75 135
76 60 61
74 135 75
61 65 77
74 75 76
77 65 67
89 136 77
80 78 69
85 95 96
134 79 130
148 98 105
73 131 69
106 98 100
67 83 141
99 112 96
90 87 39
53 83 65
113 119 108
83 67 65
139 137 81
103 104 84
119 120 108
78 92 91
53 353 83
89 67 137
63 182 141
85 93 95
93 90 37
99 117 123
90 85 147
78 80 92
93 91 84
130 80 69
79 129 130
104 94 95
90 93 85
110 117 104
82 147 96
104 93 84
95 94 96
117 124 123
99 96 94
115 121 122
98 84 92
111 98 106
97 105 111
150 113 102
107 108 112
98 92 100
148 103 98
100 58 101
99 72 107
84 98 103
104 95 93
105 122 121
0 115 109
148 104 103
100 101 106
101 97 111
72 102 107
112 82 96
102 113 107
108 107 113
98 111 105
97 109 122
150 119 113
101 111 106
107 112 99
82 112 108
114 29 152
166 161 165
151 118 119
41 71 125
121 115 88
0 88 115
117 99 94
120 71 82
104 117 94
121 124 110
102 114 150
123 72 99
120 119 118
120 118 125
108 120 82
124 121 88
121 110 148
97 122 105
109 115 122
124 117 110
116 72 123
88 116 124
123 124 116
120 125 71
118 160 155
742 126 52
127 126 10
128 9 354
61 127 53
92 80 132
127 10 128
58 100 132
133 143 145
69 131 130
58 132 129
132 100 92
79 134 143
143 134 131
130 131 134
131 135 143
136 135 74
138 145 136
77 136 74
142 81 146
89 138 136
145 138 28
86 138 139
89 139 138
63 183 182
137 146 81
63 141 83
144 141 140
144 140 180
133 145 28
145 135 136
79 143 133
141 144 67
179 146 180
135 145 143
180 137 144
180 178 179
96 147 85
71 147 82
121 148 105
104 148 110
151 149 160
152 150 114
151 150 149
150 151 119
149 159 160
167 154 162
150 152 149
224 14 194
167 156 154
159 162 154
64 41 157
118 155 125
155 154 156
154 160 159
14 13 191
155 157 41
13 157 156
162 165 161
172 149 152
159 149 172
155 160 154
151 160 118
170 175 161
172 152 29
161 164 167
158 171 163
165 162 172
166 170 161
194 192 193
172 162 159
170 166 173
161 167 162
166 165 171
167 164 192
169 196 195
166 158 168
195 201 169
173 166 168
196 176 170
166 171 158
172 171 165
29 163 172
172 163 171
153 197 168
197 195 196
201 204 169
164 193 192
176 175 170
164 175 174
205 169 204
175 176 174
276 190 284
179 178 277
140 181 178
188 190 274
146 179 142
181 190 276
180 146 137
140 178 180
140 141 182
279 281 186
63 347 183
181 182 184
342 351 343
183 42 177
185 290 285
182 183 184
177 185 274
276 178 181
181 184 190
179 277 38
184 183 177
286 281 356
287 285 292
177 42 343
293 288 302
177 274 184
274 185 287
297 299 648
13 156 191
192 191 156
167 192 156
174 225 164
205 210 174
191 194 14
192 194 191
224 194 193
215 745 30
195 202 201
176 196 169
173 196 170
168 197 173
153 195 197
251 243 250
195 153 200
228 229 220
153 198 200
201 202 199
202 195 200
206 204 201
200 198 202
198 744 212
203 204 206
233 230 209
206 201 199
176 205 174
204 203 205
210 205 221
208 213 214
40 199 208
207 217 249
223 221 203
199 212 213
40 226 220
206 40 203
308 15 307
221 205 203
210 209 224
212 199 202
214 207 208
198 212 202
213 212 211
213 211 214
199 213 208
215 211 745
214 211 215
207 227 226
214 217 207
311 218 261
199 40 206
215 217 214
254 239 231
43 265 361
238 253 362
227 218 46
15 234 235
40 220 203
226 208 207
220 229 223
209 210 221
229 219 256
221 223 209
220 223 203
223 222 236
230 224 209
14 224 307
174 210 225
224 225 210
218 227 207
46 228 227
46 315 228
220 226 228
227 228 226
256 219 255
223 229 222
236 231 233
308 234 15
253 238 246
239 246 245
234 233 237
237 231 239
236 233 209
237 233 231
233 234 230
232 245 235
223 236 209
232 235 234
236 222 256
244 253 254
234 237 232
373 257 271
237 239 232
363 264 241
246 239 253
267 250 260
317 326 252
241 264 263
263 315 314
242 246 257
266 257 258
250 217 215
243 249 250
235 245 4
363 362 244
239 245 232
257 246 238
245 246 242
371 373 370
247 376 377
258 248 266
257 247 258
207 249 218
250 249 217
30 260 215
215 260 250
323 272 268
272 267 240
240 268 272
326 334 252
254 253 239
362 253 244
255 254 231
244 254 264
231 236 256
255 219 270
229 256 222
231 256 255
271 257 238
258 5 248
247 375 376
260 30 259
240 267 259
260 259 267
317 318 321
321 261 269
273 243 251
320 262 318
315 263 270
311 312 218
254 255 264
264 255 270
363 244 264
265 43 370
4 266 248
257 266 242
261 243 273
267 251 250
251 267 272
319 320 318
318 317 252
315 270 219
264 270 263
271 238 362
271 265 373
216 337 323
251 272 324
324 273 251
261 273 269
186 278 279
38 277 278
284 190 188
276 275 277
276 277 178
275 279 278
188 280 356
275 278 277
284 356 279
293 301 288
189 352 294
275 284 279
286 301 300
292 288 280
306 286 300
280 287 292
281 283 186
276 284 275
280 286 356
280 188 287
295 302 292
188 274 287
293 282 301
285 287 185
290 185 189
294 298 285
300 282 3
304 298 299
288 292 302
299 294 291
351 342 349
294 285 290
305 302 295
286 288 301
292 285 295
31 357 359
303 360 289
299 297 304
298 295 285
648 299 291
296 187 305
298 294 299
187 302 305
189 294 290
303 289 296
297 303 304
283 281 306
283 306 3
300 301 282
288 286 280
293 302 187
360 358 359
296 304 303
295 298 304
295 304 305
296 305 304
286 306 281
3 306 300
308 230 234
230 308 224
307 224 308
241 263 364
391 365 394
320 310 311
312 314 46
262 311 261
312 311 310
310 313 314
218 312 46
319 380 382
263 313 364
310 314 312
263 314 313
228 315 219
314 315 46
410 418 433
651 650 670
272 323 324
269 324 317
318 252 319
321 318 262
380 334 335
387 382 381
262 320 311
388 320 319
261 321 262
269 317 321
216 331 340
330 339 569
216 323 268
324 323 322
324 322 327
269 273 324
336 339 338
573 329 333
327 326 317
568 573 325
324 327 317
338 340 341
323 337 322
570 336 571
379 335 329
333 334 326
326 330 325
322 337 338
571 576 577
568 569 570
597 593 587
575 580 574
573 333 325
333 329 334
329 573 574
334 329 335
386 381 384
252 380 319
327 322 339
322 338 339
341 331 328
337 340 338
339 336 569
339 330 327
216 340 337
341 340 331
571 341 328
336 338 341
344 342 346
345 349 350
177 343 189
346 343 42
344 346 347
342 348 8
663 661 656
189 343 351
343 346 342
347 346 42
183 347 42
63 83 353
350 7 653
344 9 348
349 345 351
291 649 648
349 8 350
352 351 649
294 352 291
189 351 352
354 353 53
63 353 347
354 53 127
355 9 344
353 355 347
9 355 354
279 356 281
188 356 284
303 297 360
358 360 648
345 653 652
360 359 357
31 669 671
360 357 289
360 297 648
265 271 362
426 420 468
309 361 362
361 265 362
367 363 241
309 362 363
319 382 388
364 366 367
400 402 405
309 363 367
369 364 313
368 391 366
364 367 241
367 366 471
389 310 388
368 390 391
389 369 313
366 369 368
469 435 370
371 370 316
436 487 316
373 371 247
316 435 436
648 651 358
373 247 257
370 373 265
490 375 371
656 654 657
490 371 316
376 375 374
489 490 487
6 5 654
247 377 258
654 377 376
24 378 379
23 335 378
335 379 378
334 380 252
383 382 380
384 383 335
385 386 384
381 395 387
310 320 388
384 335 23
381 382 383
385 22 386
381 383 384
394 396 393
384 23 385
387 395 365
365 390 387
389 368 369
382 387 388
387 390 389
310 389 313
389 388 387
390 365 391
389 390 368
22 397 386
421 393 467
396 397 405
392 406 408
365 395 396
392 408 416
396 394 365
427 394 393
381 386 395
395 386 396
397 22 398
393 396 467
398 22 21
396 386 397
398 21 400
397 398 405
694 20 428
447 449 432
21 694 403
400 399 402
437 445 439
399 403 404
399 406 402
392 421 467
21 403 400
404 403 401
409 423 407
409 408 406
400 405 398
396 405 402
399 404 409
467 406 392
43 426 468
416 408 412
406 399 409
412 408 407
459 457 49
407 408 409
447 423 409
416 410 420
441 49 438
445 49 441
407 419 418
412 410 416
700 507 528
442 439 443
438 456 422
695 432 696
413 411 465
434 472 433
468 420 410
392 416 421
422 404 401
49 456 438
407 418 412
418 415 433
451 696 449
418 419 415
426 43 361
309 367 471
420 470 416
391 427 366
401 428 422
438 428 430
423 447 432
413 452 440
419 44 415
435 316 370
473 455 437
434 415 446
361 309 426
471 426 309
421 470 427
420 426 471
694 428 401
429 430 431
506 514 515
445 441 439
431 19 444
430 429 438
44 413 446
430 20 431
415 44 446
434 433 415
433 424 468
681 697 689
436 435 424
469 370 43
436 424 472
691 683 684
461 500 731
407 423 419
480 465 466
438 422 428
441 438 429
32 454 458
459 49 445
440 446 413
464 461 479
443 441 429
437 455 445
444 516 443
485 496 50
444 443 429
439 441 443
431 444 429
19 506 516
409 404 447
404 422 450
44 695 413
434 446 440
695 696 411
456 49 457
447 404 450
449 448 451
448 449 450
450 449 447
457 460 463
491 483 466
480 466 453
458 454 462
476 477 486
460 457 425
455 459 445
452 454 499
448 450 456
476 455 417
456 450 422
486 460 425
448 456 457
457 459 425
462 454 452
466 483 453
457 463 448
650 662 665
731 499 454
465 462 452
458 462 480
482 463 460
451 448 463
689 697 372
497 498 488
413 465 452
465 411 466
411 481 466
481 451 482
396 402 467
467 402 406
433 468 410
469 424 435
43 468 469
424 469 468
416 470 421
471 470 420
366 427 471
471 427 470
433 472 424
497 472 434
475 473 437
36 473 35
510 512 503
473 36 455
437 439 493
473 475 495
436 472 497
476 417 477
478 487 488
685 698 691
458 480 453
465 480 462
696 481 411
451 463 482
491 460 414
466 481 482
442 443 516
491 466 482
484 503 494
35 473 495
476 486 425
414 486 477
487 436 497
489 487 478
498 434 440
698 685 461
673 478 672
374 375 490
487 490 316
490 489 374
460 491 482
414 483 491
493 492 475
492 484 494
437 493 475
493 442 511
494 50 496
496 492 494
485 35 495
50 502 504
485 495 496
498 497 434
487 497 488
499 498 440
500 498 499
452 499 440
731 32 479
500 461 685
498 500 685
529 523 544
50 494 502
700 504 502
509 519 700
510 503 484
507 503 501
502 503 507
700 502 507
515 520 506
521 513 51
515 514 18
510 511 520
528 517 527
519 474 504
532 548 47
549 559 562
501 522 528
47 527 517
511 510 484
510 505 512
493 511 484
442 516 520
513 512 505
512 513 521
515 513 505
17 542 526
515 18 540
506 19 514
520 515 505
19 516 444
516 506 520
521 501 512
532 522 524
531 544 543
543 509 531
503 502 494
543 523 474
510 520 505
520 511 442
524 521 51
528 522 517
501 521 522
522 521 524
548 550 525
524 51 530
517 532 47
525 556 47
530 541 536
538 47 534
51 513 539
540 18 526
544 558 529
528 527 509
700 528 509
501 528 507
527 47 538
539 541 51
535 548 546
530 546 524
530 518 535
709 710 533
712 717 711
559 552 551
557 702 562
535 518 554
548 535 550
541 530 51
536 533 707
718 704 703
508 725 561
534 531 538
531 527 538
540 539 513
542 540 526
515 540 513
539 540 542
541 542 709
710 16 712
539 542 541
474 519 543
509 543 519
543 544 523
534 544 531
524 546 532
556 534 47
530 535 546
518 560 554
555 560 537
47 548 525
546 548 532
550 552 525
701 702 2
554 550 535
554 567 566
559 553 545
552 549 556
550 551 552
559 551 553
705 537 704
551 508 553
555 547 564
551 725 508
706 733 705
552 556 525
563 556 549
558 701 529
562 563 549
544 534 558
563 558 534
562 559 545
552 559 549
536 560 518
733 555 705
551 550 566
566 725 551
2 702 557
562 545 557
562 702 563
563 534 556
564 567 555
725 564 561
707 703 704
637 639 599
555 567 560
725 567 564
547 561 564
568 570 578
580 24 574
569 325 330
570 569 336
336 341 571
578 570 332
577 576 33
332 570 571
572 578 579
572 582 581
583 575 573
379 574 24
329 574 379
574 573 575
583 568 578
581 575 572
577 33 601
571 328 576
332 571 577
332 584 578
583 572 575
332 577 584
45 588 596
572 586 582
575 25 580
26 595 605
589 609 606
605 596 592
568 583 573
572 583 578
579 594 45
578 584 579
588 589 606
593 726 587
572 579 586
729 639 641
726 584 601
45 589 588
619 615 616
582 596 605
606 608 588
589 45 594
594 579 726
596 588 603
602 581 582
45 596 582
45 582 586
596 603 592
579 45 586
25 602 595
581 602 25
597 585 728
587 726 601
716 734 640
607 609 728
620 608 604
589 594 593
598 27 591
598 591 727
606 48 604
595 602 605
608 612 600
608 603 588
601 33 587
727 603 600
719 721 724
608 600 603
26 605 592
582 605 602
728 609 593
606 604 608
590 614 585
609 48 606
617 624 590
616 621 620
593 609 589
607 613 48
613 607 614
724 636 719
613 616 604
728 614 607
740 630 643
627 610 626
607 48 609
646 621 615
629 633 642
608 620 612
616 615 621
624 614 590
617 610 622
625 619 622
623 646 625
620 632 612
624 616 613
624 613 614
616 620 604
620 618 632
645 626 634
620 621 618
624 622 619
636 738 737
643 633 611
622 624 617
616 624 619
619 625 615
627 622 610
625 622 627
629 634 1
629 644 634
634 626 1
625 627 645
631 635 630
599 729 632
611 739 740
630 647 631
621 646 618
646 615 625
618 631 632
599 632 631
634 644 645
630 635 642
635 631 618
623 644 642
736 636 724
565 628 706
706 636 737
599 631 647
565 704 718
632 729 612
723 735 738
639 638 641
716 715 714
600 612 734
641 638 715
641 640 729
642 633 643
635 623 642
636 736 738
642 643 630
642 644 629
645 644 623
625 645 623
626 645 627
623 635 646
646 635 618
643 611 740
599 647 637
291 352 649
652 649 345
351 345 649
652 651 649
6 654 656
675 669 358
649 651 648
650 665 670
345 350 653
650 651 652
659 653 7
650 652 653
377 654 5
674 656 657
673 374 489
689 372 687
657 654 376
663 656 655
374 730 376
674 730 673
680 666 667
659 662 653
661 660 6
662 659 658
660 661 659
659 7 660
6 656 661
665 662 658
653 662 650
666 663 655
661 663 658
693 686 679
669 31 359
666 665 658
670 665 678
663 666 658
666 655 667
676 667 655
671 669 677
359 358 669
358 651 675
677 669 668
668 678 677
677 664 671
670 668 675
674 676 655
674 673 672
682 683 692
478 673 489
676 674 672
656 674 655
730 674 657
670 675 651
669 675 668
682 676 672
668 670 678
679 677 678
680 665 666
678 680 679
679 667 688
664 677 686
679 680 667
665 680 678
682 667 676
672 683 682
683 672 478
682 681 688
488 684 478
478 684 683
685 488 498
684 488 685
731 500 499
692 697 681
677 679 686
693 687 686
681 693 688
686 687 664
682 688 667
681 689 693
681 682 692
688 693 679
698 697 691
697 690 372
685 691 684
692 691 697
683 691 692
690 699 464
689 687 693
413 695 411
403 694 401
695 44 419
449 696 432
696 451 481
697 698 699
699 461 464
697 699 690
461 699 698
504 700 519
558 563 702
701 558 702
709 17 708
712 718 710
705 704 565
707 704 537
706 705 565
537 705 555
720 565 718
547 555 733
707 537 560
533 703 707
16 710 708
708 710 709
541 709 533
17 709 542
710 703 533
712 16 713
720 711 719
713 16 27
712 711 718
27 598 714
712 713 717
598 716 714
641 715 640
721 715 638
717 715 711
734 598 600
715 716 640
713 714 717
715 717 714
718 703 710
715 721 711
630 740 647
720 628 565
711 720 718
719 636 628
724 721 638
711 721 719
719 628 720
706 628 636
741 637 740
638 722 724
638 639 722
637 722 639
567 725 566
593 594 726
26 727 591
727 592 603
597 728 593
614 728 585
729 599 639
734 729 640
376 730 657
673 730 374
32 731 454
461 731 479
34 733 706
34 732 733
547 733 732
734 612 729
598 734 716
723 736 722
724 722 736
737 735 34
34 706 737
723 738 736
735 737 738
722 741 723
637 647 740
741 740 739
723 741 739
637 741 722
11 10 742
126 742 10
198 743 744
744 211 212
744 743 745
744 745 211
30 745 743
#values
0.432526
0.343716
0.846045
0.727615
0.578298
0.355631
0.132777
0.420601
0.465584
0.0793216
0.597162
0.63904
0.687856
0.532568
0.801503
0.126426
0.594993
0.269542
0.343244
0.139443
0.329356
0.291611
0.599626
0.0835163
0.428529
0.173589
0.518362
0.338691
0.495961
0.257148
0.491618
0.552623
0.536164
0.829734
0.439918
0.203144
0.660701
0.160858
0.149658
0.261684
0.579525
0.167838
0.715688
0.652435
0.947973
0.805719
0.183094
0.37956
0.985778
0.724784
0.603847
0.210121
0.157733
0.647846
0.33539
0.111431
0.745209
0.465108
0.182009
0.698272
0.654051
0.809353
0.874467
0.341247
0.796442
0.57719
0.79922
0.678167
0.84002
0.7493
0.910128
0.313416
0.369524
0.29572
0.59361
0.438793
0.19339
0.106762
0.376311
0.2203
0.171484
0.859109
0.973837
0.393172
0.243768
0.175623
0.832003
0.538668
0.651017
0.33857
0.0469196
0.427376
0.515178
0.697634
0.564146
0.277289
0.552296
0.395844
0.431929
0.563728
0.361323
0.394953
0.692584
0.931457
0.692439
0.559787
0.962955
0.791751
0.696939
0.760523
0.57513
0.66119
0.582906
0.725898
0.509587
0.710714
0.552096
0.647266
0.618265
0.751585
0.750918
0.722044
0.919787
0.916106
0.719013
0.920424
0.610782
0.806398
0.521215
0.470509
0.802175
0.574614
0.917747
0.829918
0.733609
0.770889
0.4269
0.772532
0.61785
0.71437
0.65017
0.893704
0.616574
0.795487
0.75407
0.811486
0.956814
0.797781
0.663503
0.874458
0.679987
0.785481
0.773933
0.928666
0.814531
0.969032
0.845924
0.938384
0.968532
0.902837
0.840509
0.889561
0.885056
0.975657
0.921427
0.85172
0.769469
0.955919
0.994771
0.869499
0.957471
0.985434
0.986475
0.734188
0.916312
0.850703
0.93591
0.989544
0.82911
0.965418
0.859703
0.73948
0.97502
0.783206
0.711693
0.452177
0.978274
0.996996
0.856048
0.599832
0.846644
0.938501
0.956759
0.929616
0.685565
0.599961
0.709266
0.965953
0.92301
0.975136
0.987181
0.920185
0.977847
0.98877
0.958312
0.566447
0.595433
0.248158
0.177376
0.0816938
0.352631
0.850998
0.0763507
0.946381
0.928916
0.79807
0.972882
0.886964
0.92604
0.860501
0.850622
0.832404
0.76586
0.872587
0.713417
0.974356
0.820652
0.926079
0.931013
0.850402
0.582604
0.918088
0.563128
0.714502
0.780172
0.972218
0.820851
0.966234
0.69282
0.900069
0.860986
0.810494
0.878955
0.684426
0.585432
0.937313
0.881952
0.723779
0.919678
0.801443
0.788175
0.720315
0.605035
0.859715
0.178739
0.488116
0.663608
0.290257
0.554643
0.473847
0.652312
0.0473604
0.390995
0.245801
0.716209
0.848767
0.788213
0.574886
0.680189
0.688967
0.914622
0.587261
0.970286
0.773269
0.761023
0.317179
0.747188
0.814875
0.630529
0.84216
0.456525
0.776357
0.946766
0.771017
0.903845
0.723901
0.920117
0.846647
0.957206
0.914845
0.965895
0.844367
0.712043
0.383543
0.672746
0.543093
0.654232
0.60545
0.834583
0.905111
0.78816
0.775966
0.941151
0.792586
0.864113
0.807952
0.674776
0.968395
0.500107
0.704261
0.38029
0.524641
0.698181
0.625554
0.66744
0.823869
0.740153
0.947528
0.615201
0.938953
0.804205
0.499818
0.949819
0.656516
0.73406
0.757835
0.208304
0.2858
0.427398
0.478857
0.511902
0.150205
0.260608
0.252556
0.93308
0.826187
0.716104
0.802037
0.915268
0.911905
0.795824
0.918711
0.526786
0.985036
0.78867
0.872525
0.703555
0.923316
0.919505
0.64744
0.269285
0.729617
0.591014
0.606849
0.500673
0.763292
0.715936
0.710989
0.51871
0.805075
0.61723
0.634724
0.0421586
0.55377
0.347749
0.827516
0.723756
0.902643
0.838149
0.809356
0.752972
0.88634
0.837083
0.6339
0.74116
0.599342
0.701593
0.805302
0.288148
0.375185
0.307206
0.588627
0.0439686
0.600381
0.675131
0.5128
0.422177
0.444998
0.43271
0.5459
0.42513
0.26423
0.107527
0.468312
0.361768
0.62805
0.555561
0.521627
0.582087
0.582771
0.425725
0.47086
0.322536
0.0938581
0.265447
0.193251
0.212343
0.253767
0.324671
0.270285
0.213532
0.0877881
0.409403
0.0912731
0.410282
0.31524
0.179624
0.291395
0.206214
0.367831
0.257484
0.882209
0.524164
0.393053
0.458449
0.206851
0.169155
0.813549
0.759756
0.0451696
0.341382
0.183938
0.240889
0.179673
0.371961
0.241652
0.0837362
0.220019
0.671681
0.764845
0.932789
0.870492
0.928304
0.935731
0.975216
0.453968
0.290702
0.319659
0.345753
0.343098
0.354303
0.427523
0.442799
0.363684
0.269611
0.0647153
0.301837
0.969343
0.978834
0.942728
0.577718
0.651966
0.772849
0.522525
0.445423
0.561119
0.358987
0.396913
0.354417
0.384545
0.0410174
0.174839
0.707207
0.853494
0.891193
0.480393
0.525123
0.457731
0.404447
0.311498
0.323065
0.923639
0.828214
0.782624
0.687189
0.984117
0.973408
0.827864
0.888478
0.865869
0.946881
0.87373
0.944106
0.913991
0.959431
0.602359
0.911463
0.963929
0.877694
0.962602
0.838951
0.987878
0.873531
0.896367
0.824724
0.887006
0.776411
0.983929
0.742667
0.635388
0.740246
0.996699
0.804201
0.903993
0.695656
0.297016
0.704595
0.909802
0.936178
0.821569
0.972559
0.928221
0.82389
0.796874
0.701528
0.977927
0.733623
0.949314
0.634652
0.969356
0.862381
0.982691
0.993865
0.977452
0.908013
0.979654
0.852356
0.927936
0.829209
0.885021
0.93308
0.955542
0.990715
0.142652
0.18426
0.111588
0.397372
0.319129
0.501933
0.517476
0.580694
0.514803
0.458417
0.56416
0.361986
0.419427
0.487461
0.442996
0.495235
0.495938
0.486581
0.564235
0.856482
0.67749
0.459699
0.572228
0.309098
0.293261
0.539513
0.43103
0.614452
0.646377
0.971497
0.645939
0.960263
0.818835
0.72779
0.739003
0.773485
0.359415
0.591793
0.482454
0.678272
0.882627
0.852428
0.770376
0.207003
0.436509
0.550287
0.833958
0.907142
0.626002
0.941984
0.140088
0.433469
0.364393
0.283528
0.278221
0.16962
0.408767
0.720844
0.77024
0.972812
0.870012
0.695427
0.672434
0.93261
0.93542
0.914986
0.822262
0.256827
0.175806
0.534145
0.412435
0.333793
0.115007
0.280777
0.451655
0.351379
0.391636
0.473773
0.483557
0.102252
0.0972401
0.307487
0.630607
0.0894978
0.506596
0.62572
0.509132
0.321311
0.443856
0.239346
0.167163
0.345281
0.173616
0.937167
0.872389
0.8754
0.787726
0.338133
0.927092
0.955442
0.964355
0.798299
0.328351
0.407825
0.360805
0.348138
0.371512
0.357189
0.380324
0.378735
0.190595
0.365436
0.405472
0.359165
0.381939
0.368986
0.418644
0.347853
0.404027
0.372884
0.438419
0.41432
0.50481
0.332924
0.486606
0.696995
0.276724
0.363737
0.388218
0.221902
0.421893
0.334162
0.480898
0.0297415
0.212887
0.187198
0.0517108
0.0798596
0.113542
0.381363
0.303564
0.185965
0.0945475
0.266569
0.443351
0.114422
0.269423
0.0602827
0.209454
0.289685
0.0531178
0.284653
0.314057
0.382387
0.34582
0.356041
0.432898
0.366791
0.327955
0.362994
0.100977
0.322233
0.175223
0.360844
0.256527
0.385943
0.280393
0.329724
0.209111
0.209699
0.0916275
0.287492
0.0218598
0.172301
0.0990447
0.130782
0.0798587
0.543487
0.092573
0.227817
0.626925
0.282098
0.273438
0.331287
0.125207
0.269007
0.474214
0.369883
0.151599
0.218258
0.340325
0.319439
0.408821
0.411799
0.340979
0.44025
0.654997
0.430021
0.48144
0.414425
0.474721
0.547622
0.510038
0.43155
0.812239
0.464882
0.416587
0.614101
0.757519
0.565315
0.425847
0.365709
0.310277
0.485292
0.479438
0.536437
0.63521
0.545925
0.384545
0.369485
0.393337
0.351043
0.253735
0.252533
0.524058
0.746603
0.589711
0.44154
0.792987
0.616274
0.372739
0.376905
0.355222
0.382983
0.141608
0.150637
0.14063
0.546756
0.0911981
0.271058
0.662236
0.0693077
0.621616
0.582169
0.47855
0.859845
0.497242
0.420169
0.522291
0.703519
0.873002
0.520237
0.860405
0.300844
0.352067
0.958958
0.638102
0.693921
0.966945
0.36175
0.731329
0.293199
0.958526
0.278558
0.452653
0.157652
0.16904
0.418685
0.388856
0.659284
0.661051
0.684189
0.592665
0.443667
0.633639
0.546875
0.501193
0.744317
0.920937
0.930568
0.926541
0.920584
0.774992
0.740566
0.834933
0.532906
0.915212
0.442716
0.828518
0.603098
0.735224
0.86351
0.956104
0.664922
0.45215
0.867496
0.84143
0.930427
0.777814
0.671914
0.920826
0.666442
0.778608
0.810248
0.787259
0.759297
0.2536
0.292483
0.471818
0.466402
0.429662
0.463261
0.373013
0.378479
0.360874
0.369024
0.531229
0.588044
0.773992
0.950384
0.600778
0.902117
0.616228
0.832655
0.565487
0.957936
0.598674
0.795419
0.965408
0.875464
0.715751
0.745925
0.902148
0.80731
0.363877
0.873726
0.728512
0.91549
0.863701
0.956811
0.562773
0.523861
0.685994
0.840374
0.545495
0.399813
0.474463
0.434101
0.858104
0.97759
0.718098
0.754799
0.689352
0.532425
0.908572
0.816339
0.96392
0.958679
0.926988
0.654213
0.594216
0.74742
0.787391
0.779632
0.970993
0.828101
0.767032
0.98959
0.896379
0.917457
0.885971
0.639053
0.714586
0.792099
0.829586
0.271644
0.482625
0.0758167
0.494023
0.790417
0.972079
0.763046
0.950589
0.715761
0.799171
0.576498
0.500793
0.597918
0.374985
0.447078
0.508067
0.344981
0.056619
0.143457
0.0953569
0.332791
0.175787
0.300333
0.594358
0.666405
0.939905
0.904678
0.798258
0.9864
0.461939
0.445381
0.538791
0.74046
0.63424
0.626667
0.804147
0.551892
0.760658
0.847783
0.492086
0.864642
0.412859
0.0774522
0.973054
0.825569
0.840331
0.743847
0.838073
0.392093
0.716785
0.615886
0.65817
0.288976
0.343387
0.92787
0.982389
0.70292
0.771577
0.480295
0.503595
0.503794
0.973547
0.891454
0.869658
0.306143
0.137371
0.281617
0.233173
0.257615
0.196393
0.29641
0.955864
0.915295
0.963412
0.920344
0.660847
0.864683
0.66178
0.707237
0.723572
0.80847
0.715723
0.84649
0.99455
0.764444
0.806378
0.990933
0.901148
0.87412
0.954789
0.656256
0.973639
0.906112
0.943478
0.793052
0.870531
0.921129
0.989175
0.942107
0.93728
0.938466
0.973435
0.924661
0.617672
0.803067
0.860532
0.894793
0.99461
0.990008
0.962946
0.913042
0.846478
0.940781
0.520794
0.756127
0.764693
0.874199
0.966099
0.605865
0.0768307
0.599847
0.68189
0.835477
0.653264
0.953117
0.764372
0.543644
0.335789
0.337067
0.110724
0.201502
0.257892
0.504952
0.301038
0.918353
0.954156
0.80891
0.669432
0.361539
0.778766
0.51148
0.419712
0.0950054
0.110603
0.700223
0.319406
0.452775
0.455145
0.626528
0.634714
0.629793
0.890248
0.514246
0.647826
0.803146
0.584745
0.874254
0.335523
0.600138
0.653115
0.71569
0.43508
0.267462
0.44364
0.474043
0.368039
0.555807
0.0807251
0.157802
0.970386
0.896795
0.473577
0.836399
0.699694
0.74185
0.131264
0.164635
0.735431
0.139615
0.565774
0.534894
0.955993
0.35191
0.638324
0.511278
0.180952
0.254163
0.825322
0.686083
0.978535
0.745863
0.980174
0.794494
0.770758
0.82626
0.867827
0.713742
0.812415
0.886533
0.9218
0.990406
0.801254
0.861037
0.984583
0.640062
0.853543
0.945621
0.987933
0.924955
0.913857
0.688336
0.871176
0.901503
0.777248
0.743445
0.981074
0.786804
0.926496
0.860367
0.988367
0.958782
0.890097
0.899772
0.972671
0.954692
0.997332
0.980305
0.99311
0.951125
0.85867
0.700369
0.974842
0.844706
0.843793
0.896357
0.780226
0.75577
0.968644
0.906128
0.8324
0.94772
0.77278
0.714786
0.8279
0.793223
0.556503
0.660956
0.953337
0.657805
0.402506
0.524901
0.580569
0.587665
0.960078
0.915857
0.837596
0.929315
0.967586
0.953625
0.934966
0.977035
0.901527
0.848549
0.95259
0.795793
0.575752
0.420542
0.413435
0.521849
0.158806
0.784861
0.603636
0.524108
0.183292
0.4889
0.158255
0.39264
0.123699
0.341425
0.451086
0.961404
0.232371
0.369633
0.345262
0.421089
0.564937
0.282673
0.081702
0.304785
0.133344
0.0825017
0.171868
0.422273
0.35094
0.428144
0.306271
0.844699
0.919227
0.452292
0.615193
0.402663
0.524294
0.533706
0.898566
0.847306
0.703926
0.809112
0.752572
0.947789
0.680651
0.47689
0.48784
0.694174
0.511079
0.509463
0.383238
0.351217
0.636098
0.76632
0.589884
0.676477
0.759751
0.545875
0.690007
0.70158
0.913008
0.668061
0.609547
0.608164
0.632618
0.596189
0.733463
0.637232
0.645294
0.722022
0.703843
0.846177
0.81106
0.823873
0.910186
0.800582
0.957004
0.677614
0.84756
0.73947
0.787277
0.824954
0.956372
0.738145
0.794529
0.72836
0.982807
0.918112
0.695753
0.137958
0.606628
0.602473
0.70881
0.886356
0.937674
0.936907
0.896222
0.931326
0.961064
0.981882
0.090316
0.354878
0.653058
0.586956
0.728631
0.723399
0.575401
0.90622
0.60897
0.443155
0.0926066
0.166394
0.340267
0.13693
0.367309
0.176805
0.553455
0.0361497
0.406625
0.208702
0.271468
0.319481
0.537788
0.576514
0.427661
0.410833
0.467618
0.258993
0.375035
0.404723
0.502877
0.87566
0.651692
0.514285
0.702667
0.640783
0.558477
0.652892
0.766333
0.873145
0.73461
0.730681
0.781268
0.856428
0.781342
0.0889314
0.311216
0.924195
0.937364
0.693201
0.541809
0.309671
0.41178
0.936564
0.933108
0.905214
0.952886
0.958149
0.570515
0.413293
0.883255
0.778876
0.961257
0.897245
0.907028
0.931632
0.906895
0.857569
0.940339
0.96033
0.840608
0.0269645
0.164297
0.978559
0.886897
0.946883
0.914494
0.979426
