1154 997 1148 998 1150 999 1153 1000 1154 1001 1159 1001 1163 1001 1164 997 1159 996 1156 996
40 996 34 999 36 1001 38 1002 44 1001 48 1000 51 998 45 997 42 997
1070 995 1070 997 1071 1001 1073 1004 1075 1005 1077 1006 1080 1007 1083 1008 1087 1009 1097 1009 1101 1007 1104 1004 1105 1002 1102 1001 1099 999 1096 998 1093 997 1089 996 1083 995
116 995 110 996 106 997 103 998 100 999 97 1001 94 1002 95 1004 98 1007 102 1009 112 1009 116 1008 119 1007 122 1006 124 1005 126 1004 128 1001 129 997 129 995
1119 971 1113 972 1109 974 1106 977 1105 979 1105 986 1107 988 1112 992 1115 993 1120 993 1123 992 1125 991 1127 989 1129 987 1131 985 1132 983 1132 978 1131 976 1128 973 1126 972 1121 971
78 971 73 972 71 973 68 976 67 978 67 983 68 985 70 987 72 989 74 991 76 992 79 993 84 993 87 992 92 988 94 986 94 979 93 977 90 974 86 972 80 971
1149 960 1148 964 1153 971 1157 971 1159 970 1162 968 1164 966 1163 963 1159 961 1156 960
43 960 40 961 36 963 35 966 37 968 40 970 42 971 46 971 51 964 52 962 50 960
1009 956 1003 958 1003 960 1001 963 1000 965 1002 966 1005 968 1009 969 1013 969 1016 968 1019 965 1020 963 1019 960 1018 958 1016 957 1013 956
186 956 183 957 181 958 180 960 179 963 180 965 183 968 186 969 190 969 194 968 196 967 198 966 198 963 196 960 195 957 190 956
956 955 956 958 960 962 963 964 970 967 972 969 975 969 975 967 976 965 973 962 970 960 962 956 959 955
240 955 237 956 229 960 226 962 224 967 224 969 227 969 229 967 236 964 239 962 243 958 243 955
1057 948 1052 949 1048 950 1044 951 1041 952 1038 953 1034 955 1031 957 1028 960 1027 962 1027 966 1028 968 1032 972 1035 973 1040 974 1045 975 1057 976 1074 976 1082 975 1086 974 1089 973 1095 970 1097 968 1098 966 1098 959 1096 955 1092 951 1088 949 1084 948 1075 947 1072 947 1069 947
124 947 115 948 112 949 109 950 107 951 103 955 101 959 101 966 102 968 104 970 110 973 113 974 117 975 125 976 142 976 154 975 159 974 164 973 167 972 171 968 172 966 172 962 171 960 168 957 165 955 161 953 158 952 155 951 151 950 147 949 142 948 129 948 127 947
1120 929 1116 930 1113 931 1110 932 1108 933 1105 935 1103 937 1102 939 1102 941 1103 943 1106 946 1112 949 1115 950 1120 951 1127 951 1131 950 1137 945 1137 939 1135 935 1133 933 1130 931 1128 930 1124 929
910 929 910 931 911 933 913 936 919 942 922 944 928 947 931 948 934 949 939 950 943 950 942 948 940 945 940 944 932 936 929 934 921 930 918 929
281 929 278 930 270 934 267 936 259 944 257 947 256 950 261 950 265 949 268 948 271 947 277 944 280 942 286 936 288 933 289 931 289 929
75 929 71 930 67 932 64 935 62 939 62 945 68 950 72 951 79 951 84 950 87 949 93 946 96 943 97 941 97 939 96 937 94 935 91 933 89 932 86 931 83 930 79 929
956 922 956 924 955 929 956 933 959 939 961 942 972 953 975 955 978 957 981 958 985 958 987 957 990 954 991 951 991 945 990 941 987 935 980 928 977 927 975 925 972 924 968 923 962 922 960 922
237 922 231 923 227 924 224 925 222 927 219 928 212 935 209 941 208 945 208 951 210 955 212 957 214 958 218 958 221 957 224 955 227 953 238 942 240 939 243 933 244 929 244 925 243 923 241 922
1060 914 1052 915 1046 916 1041 917 1037 918 1033 919 1030 920 1027 921 1019 925 1015 929 1014 931 1014 934 1016 938 1023 939 1038 940 1048 940 1052 940 1065 939 1072 938 1077 937 1080 936 1083 935 1089 932 1091 930 1093 927 1093 919 1090 916 1088 915 1083 914
116 914 111 915 109 916 106 919 106 927 107 929 110 932 116 935 119 936 122 937 127 938 134 939 149 939 151 940 161 940 176 939 184 937 185 934 185 931 184 929 180 925 172 921 169 920 166 919 162 918 158 917 153 916 147 915 139 914
1128 905 1126 906 1124 909 1124 914 1126 918 1132 921 1136 922 1142 922 1145 919 1145 912 1143 910 1136 905
63 905 59 907 56 909 54 912 54 919 57 922 63 922 67 921 73 918 75 914 75 909 73 906 71 905
972 904 968 905 964 907 961 908 961 910 967 916 973 919 976 920 979 921 984 922 1005 922 1005 920 1004 917 1002 914 996 908 990 905 986 904
213 904 210 905 207 906 203 908 197 914 195 917 194 920 194 922 215 922 220 921 223 920 226 919 232 916 237 908 231 905 227 904
936 877 930 877 927 878 923 880 923 884 924 886 927 889 930 891 936 894 939 895 942 896 948 897 957 897 963 896 966 895 972 892 974 890 976 889 973 887 970 885 964 882 962 882 959 880 956 879 953 878 949 877 941 876 938 876
258 876 250 877 246 878 243 879 240 880 237 882 235 882 229 885 226 887 223 889 225 890 227 892 233 895 236 896 242 897 251 897 257 896 260 895 263 894 269 891 272 889 275 886 276 884 275 879 273 879 270 878 269 877 263 877 260 877
1109 875 1102 876 1098 878 1094 882 1093 884 1093 889 1094 891 1099 896 1101 897 1104 898 1113 898 1117 897 1120 894 1122 890 1122 883 1121 881 1118 878 1114 876
90 875 85 876 81 878 78 881 77 883 77 890 79 894 82 897 86 898 95 898 98 897 100 896 103 894 105 891 106 889 106 884 105 882 101 878 97 876
835 874 835 876 837 879 847 889 851 892 854 894 857 896 860 897 862 899 865 901 879 908 881 908 884 910 886 910 889 912 892 913 896 914 900 915 908 915 902 908 897 904 894 902 891 900 888 898 885 896 882 894 879 892 876 891 874 889 867 886 865 884 851 877 849 877 846 875 843 874 839 873
360 873 356 874 353 875 348 878 346 878 336 883 334 885 325 889 323 891 320 892 317 894 314 896 311 898 308 900 305 902 302 904 297 908 291 915 299 915 303 914 307 913 310 912 313 910 315 910 318 908 320 908 334 901 337 899 339 897 342 896 345 894 348 892 352 889 363 878 364 876 363 873
1036 859 1031 860 1028 861 1022 864 1019 866 1014 871 1012 874 1010 878 1009 881 1009 888 1010 891 1015 896 1019 898 1023 899 1044 899 1050 898 1056 897 1059 896 1062 895 1064 894 1069 889 1070 885 1069 880 1068 878 1066 875 1064 872 1058 866 1055 864 1049 861 1046 860 1038 859
161 859 153 860 150 861 144 864 141 866 135 872 133 875 131 878 130 880 129 885 130 889 135 894 137 895 140 896 143 897 149 898 155 899 176 899 180 898 184 896 189 891 190 888 190 881 189 878 187 874 185 871 180 866 177 864 171 861 168 860 163 859
1070 853 1068 854 1067 856 1066 859 1066 862 1067 865 1069 867 1072 870 1076 870 1080 866 1080 862 1079 858 1077 854 1075 853
124 853 122 854 120 858 119 862 119 866 123 870 127 870 130 867 132 865 133 862 133 859 132 856 131 854 129 853
1099 836 1097 837 1096 839 1096 847 1098 849 1103 853 1107 853 1109 852 1110 850 1110 844 1109 842 1107 839 1105 837 1102 836
97 836 94 837 92 839 90 842 89 844 89 850 90 852 92 853 96 853 101 849 103 847 103 839 102 837 100 836
1072 820 1070 821 1067 824 1066 826 1066 828 1069 831 1071 832 1074 832 1080 829 1082 827 1083 825 1083 823 1082 820
117 820 116 823 116 825 119 828 121 830 125 832 128 832 130 831 133 828 133 826 132 824 129 821 127 820
1036 803 1030 804 1026 806 1021 811 1020 813 1019 816 1019 824 1020 827 1021 830 1023 832 1025 837 1029 841 1032 843 1036 844 1039 844 1042 843 1046 841 1050 837 1053 833 1053 831 1055 828 1056 825 1056 816 1055 813 1053 811 1051 809 1049 807 1045 805 1042 804
163 803 157 804 154 805 150 807 148 809 146 811 144 813 143 816 143 825 144 828 147 834 149 837 153 841 157 843 160 844 163 844 167 843 170 841 173 838 175 835 176 832 178 830 179 827 180 824 180 816 179 813 178 811 173 806 169 804
944 780 935 781 930 782 925 783 921 784 917 785 914 786 910 787 907 788 904 789 901 790 898 792 896 792 893 793 889 795 887 796 888 799 889 802 890 805 891 808 892 812 893 815 894 818 895 821 896 824 897 827 898 830 901 836 903 838 904 841 912 849 915 851 918 852 920 854 923 855 926 856 929 857 934 858 939 859 956 859 959 859 972 859 975 858 981 855 986 850 989 846 992 840 992 838 994 835 995 831 996 825 996 814 995 808 994 805 990 797 986 793 984 791 981 788 978 786 974 784 971 783 968 782 964 781 957 780
242 780 235 781 231 782 228 783 225 784 221 786 218 788 213 792 209 797 205 805 204 809 203 814 203 825 204 831 205 834 206 837 207 840 210 846 213 850 218 855 224 858 227 859 240 859 243 859 260 859 265 858 270 857 273 856 276 855 284 851 287 849 295 841 296 838 298 836 301 830 302 827 302 825 304 822 305 818 306 815 307 812 307 809 308 806 309 805 310 802 311 799 312 796 310 795 306 793 304 793 301 792 298 790 295 789 292 788 289 787 285 786 282 785 278 784 274 783 269 782 264 781 255 780
1067 771 1064 774 1063 776 1062 778 1063 780 1065 782 1071 782 1072 780 1071 771
127 772 127 780 129 782 133 782 135 781 137 779 136 776 135 774 132 771
1032 766 1028 767 1024 769 1020 773 1019 776 1018 778 1020 779 1024 781 1029 782 1038 782 1041 781 1043 779 1043 774 1042 772 1038 768 1036 767
167 766 163 767 161 768 157 772 156 774 155 777 156 779 158 781 161 782 170 782 175 781 178 780 180 779 180 776 179 773 175 769 171 767
1045 719 1045 725 1047 729 1055 737 1058 739 1058 734 1057 729 1055 725 1051 721 1049 720 1047 720
152 720 150 720 148 721 144 725 142 729 141 733 141 739 143 737 153 728 154 726 155 721 154 719
1011 718 1005 719 1003 720 1001 721 999 724 999 731 1000 733 1002 736 1005 739 1009 742 1015 745 1018 745 1022 744 1025 743 1028 741 1031 738 1032 735 1032 728 1030 725 1027 722 1023 720 1019 719 1014 718
180 719 176 720 174 721 171 723 169 725 167 728 167 735 168 738 171 741 174 743 177 744 181 745 184 745 190 742 194 739 197 736 199 733 200 731 200 724 194 719 188 718 185 718
953 697 942 698 935 699 929 700 916 703 906 704 897 704 890 705 883 706 876 707 871 708 865 709 860 710 856 711 852 712 848 713 845 714 842 715 839 717 837 717 829 721 826 723 822 727 820 731 820 736 821 739 822 741 827 747 833 754 840 761 846 766 850 769 853 771 856 773 864 777 867 778 870 779 873 780 880 781 883 781 895 780 906 779 914 778 922 777 930 776 937 775 943 774 949 773 955 772 959 771 963 770 966 769 972 766 977 761 979 758 981 754 982 751 983 748 984 743 984 729 983 723 982 720 981 717 977 709 975 706 972 703 969 701 967 700 964 699 961 698
246 697 238 698 235 699 232 700 230 701 227 703 224 706 222 709 218 717 217 720 216 723 215 728 215 743 216 748 217 751 218 754 220 758 222 761 227 766 233 769 236 770 240 771 244 772 250 773 256 774 262 775 268 776 276 777 285 778 293 779 304 780 316 781 319 781 325 780 329 779 332 778 335 777 343 773 346 771 349 769 353 766 359 761 366 754 372 747 377 741 378 739 379 736 379 731 377 727 373 723 370 721 362 717 360 717 357 715 354 714 351 713 347 712 343 711 339 710 334 709 329 708 323 707 316 706 309 705 302 704 293 704 283 703 277 702 270 700 265 699 257 698
609 686 608 691 610 690
589 686 591 691
995 682 992 683 990 685 988 687 986 689 985 691 985 700 986 702 993 702 997 701 1000 699 1002 699 1004 698 1007 696 1011 692 1011 687 1009 685 1003 682
196 682 190 685 188 687 188 692 192 696 195 697 197 699 199 699 202 701 206 702 213 702 214 700 214 691 212 687 210 685 207 683 204 682
163 681 159 685 158 688 158 692 161 692 165 690 168 687 168 683 167 681
1033 680 1031 683 1031 687 1034 690 1038 692 1041 692 1041 688 1040 685 1036 681
610 678 611 683 614 682 613 677
585 678 586 683 589 682 588 677
591 657 589 659 589 661 590 663 592 664 594 662 594 659 593 657
606 653 605 659 605 662 609 663 610 661 610 659 608 657 605 656 607 654 611 655 609 653
590 653 588 655 590 654 592 654 594 655 593 653
627 635 623 639 623 646 624 650 626 653 626 655 627 657 629 660 631 663 633 666 635 669 637 672 640 676 642 679 646 684 649 688 654 694 659 700 666 708 681 724 731 774 742 786 742 787 758 804 764 810 777 822 784 828 788 831 793 835 796 837 800 840 803 841 805 843 808 844 810 846 813 847 815 849 817 849 828 855 830 855 833 857 836 858 839 859 843 860 846 861 851 862 856 863 863 864 891 865 893 865 895 864 910 865 917 864 911 859 908 856 902 849 899 845 898 842 896 840 891 830 891 828 889 825 888 822 887 819 887 816 886 813 885 809 884 806 883 803 881 800 881 798 877 794 870 791 868 789 865 788 863 786 860 785 858 783 855 782 851 779 848 777 844 774 837 768 829 760 824 754 821 750 819 747 817 744 814 737 812 735 811 733 811 731 808 725 804 721 801 719 789 713 786 712 784 712 781 710 779 710 776 708 774 708 768 705 766 703 746 693 744 693 727 684 725 684 723 682 721 682 719 680 712 677 709 675 707 673 704 672 701 670 698 668 696 666 693 664 690 663 688 661 685 659 682 658 680 656 677 655 675 653 668 650 666 648 652 641 650 641 645 638 642 637 639 636 635 635
564 635 560 636 557 637 554 638 549 641 547 641 533 648 531 650 524 653 522 655 519 656 517 658 514 659 511 661 509 663 506 664 503 666 501 668 498 670 495 672 492 674 487 676 485 678 480 680 478 682 476 682 474 684 472 685 470 685 453 694 451 694 433 703 431 705 425 708 423 708 420 710 418 710 415 712 413 712 410 713 398 719 395 721 391 725 389 729 389 731 385 739 383 741 382 744 380 747 378 750 375 754 370 760 362 768 355 774 351 777 348 779 344 782 341 783 339 785 336 786 334 788 331 789 329 791 322 794 318 798 317 800 316 803 315 806 314 809 313 813 313 815 312 819 311 822 310 825 308 828 308 830 303 840 301 843 299 846 297 849 291 856 287 860 282 864 288 864 304 864 306 865 308 865 336 864 343 863 348 862 353 861 356 860 360 859 363 858 366 857 369 855 371 855 380 850 382 850 384 848 389 846 391 844 394 843 396 841 399 840 403 837 406 835 410 832 415 828 422 822 435 810 441 804 457 787 468 775 468 774 518 724 533 708 540 700 546 693 550 688 554 683 557 679 559 676 562 672 564 669 566 666 568 663 570 660 572 657 574 653 575 650 576 647 576 639 572 635
1006 625 1002 627 1000 629 998 632 997 634 997 636 996 638 999 641 1004 645 1007 647 1010 649 1013 650 1015 650 1021 644 1022 642 1023 639 1023 634 1021 630 1018 627 1014 625
185 625 181 627 178 630 176 634 176 639 177 642 178 644 184 650 186 650 189 649 192 647 195 645 200 641 202 636 202 634 201 632 199 629 197 627 193 625
927 607 920 608 915 609 911 610 908 611 905 612 901 613 898 614 895 615 894 616 891 617 887 618 883 619 880 620 875 621 871 622 867 623 862 624 858 625 853 626 847 627 840 628 829 629 817 628 815 629 806 628 800 627 795 626 791 625 787 624 782 623 781 622 777 621 772 620 767 619 761 618 755 617 748 616 739 615 728 614 679 613 676 613 659 614 652 615 647 616 643 617 640 618 634 621 630 624 629 627 631 627 634 628 637 630 640 630 643 631 646 632 649 633 653 634 656 635 659 636 662 637 665 638 668 639 671 641 673 641 683 646 685 648 688 649 692 652 695 654 699 657 704 661 709 666 713 669 716 671 719 673 722 674 724 676 731 679 733 681 735 681 744 686 746 686 751 689 753 689 758 692 760 692 763 694 765 694 770 697 772 697 777 700 779 700 788 705 791 706 795 707 800 708 819 708 828 707 833 706 838 705 843 704 847 703 852 702 853 701 857 700 861 699 866 698 871 697 878 696 891 695 896 696 920 695 927 694 933 693 938 692 941 691 944 690 952 686 955 684 963 676 965 673 968 667 969 664 970 660 970 646 969 642 968 639 967 636 964 630 962 627 960 624 949 613 941 609 938 608 932 607 930 608
601 607 600 611 599 615 598 620 597 621 597 636 599 640 599 638 600 634 601 633 600 611 601 609
267 607 261 608 258 609 252 612 249 614 239 624 237 627 235 630 232 636 231 639 230 642 229 646 229 660 230 664 231 667 234 673 236 676 244 684 247 686 255 690 258 691 261 692 266 693 272 694 279 695 303 696 308 695 321 696 328 697 333 698 338 699 342 700 346 701 351 702 352 703 356 704 361 705 366 706 371 707 380 708 399 708 404 707 408 706 411 705 420 700 422 700 427 697 429 697 432 695 434 695 439 692 441 692 446 689 448 689 453 686 455 686 475 676 477 674 480 673 483 671 486 669 490 666 495 661 500 657 504 654 507 652 511 649 514 648 516 646 526 641 528 641 531 639 534 638 537 637 540 636 543 635 546 634 550 633 552 633 555 632 558 631 562 630 565 628 568 627 570 627 569 625 567 623 565 621 559 618 556 617 552 616 547 615 540 614 523 613 520 613 471 614 460 615 451 616 444 617 438 618 433 619 427 620 422 621 418 622 413 623 412 624 408 625 403 626 399 627 393 628 384 629 382 628 370 629 359 628 352 627 346 626 341 625 337 624 332 623 328 622 324 621 320 620 316 619 312 618 308 617 305 616 302 615 301 614 298 613 294 612 291 611 288 610 284 609 279 608 272 607 269 608
723 577 710 577 704 578 697 579 693 580 689 581 686 582 683 583 680 584 677 585 667 590 664 592 661 594 659 596 661 596 665 595 669 594 670 593 675 592 680 591 687 590 694 589 704 588 716 587 718 588 808 586 814 586 811 586 806 585 800 584 795 583 794 582 788 581 782 580 775 579 767 578 758 577 726 577
473 577 441 577 432 578 424 579 417 580 411 581 405 582 400 583 394 584 389 585 385 586 391 586 481 588 483 587 495 588 505 589 512 590 519 591 524 592 529 593 533 594 534 595 538 596 540 596 538 594 534 591 522 585 519 584 516 583 513 582 510 581 506 580 501 579 495 578 489 577 476 577
922 524 904 525 893 526 885 527 876 528 869 530 854 532 846 532 838 533 835 534 832 535 829 537 826 539 823 542 821 545 819 548 817 553 815 555 814 558 811 562 796 576 798 577 800 578 804 579 808 580 812 581 819 582 827 583 840 584 842 583 864 583 867 584 879 583 889 582 895 581 901 580 906 579 910 578 914 577 918 576 921 575 924 573 926 573 929 571 931 571 933 569 936 568 939 566 947 558 950 552 950 550 952 547 953 543 953 536 951 532 949 530 943 527 940 526 935 525
277 524 264 525 259 526 256 527 250 530 248 532 247 534 246 537 246 543 247 547 249 550 249 552 252 558 260 566 263 568 273 573 275 573 278 575 281 576 285 577 289 578 293 579 298 580 304 581 310 582 320 583 332 584 335 583 357 583 359 584 372 583 380 582 387 581 391 580 395 579 399 578 401 577 403 576 388 562 385 558 383 553 381 551 380 548 378 545 376 542 373 539 369 536 367 535 364 534 361 533 353 532 346 531 330 530 323 528 314 527 306 526 295 525
1004 521 1001 522 993 526 990 528 985 532 983 534 980 538 978 542 978 548 982 552 984 553 987 554 990 552 993 551 1001 543 1003 540 1004 538 1004 536 1006 533 1007 529 1008 522
192 521 192 529 193 533 195 536 195 538 197 540 198 543 206 551 210 553 215 553 217 552 220 550 221 548 221 542 219 538 216 534 214 532 209 528 206 526 198 522 195 521
986 487 983 490 982 493 982 497 983 501 984 504 986 508 990 508 992 505 994 502 995 499 995 491 991 487
208 487 204 491 204 499 205 502 207 505 209 508 212 509 214 507 215 504 216 501 217 497 217 493 216 490 213 487
1011 487 1010 489 1010 492 1011 498 1012 501 1014 504 1016 502 1017 500 1018 497 1018 489 1015 486
184 486 181 489 181 497 182 500 183 502 185 504 186 502 187 499 188 498 189 493 189 489 188 487 186 485
1012 465 1011 468 1012 470 1014 472 1017 473 1021 469 1020 466 1018 465 1015 464
184 464 181 465 179 466 178 469 185 472 187 470 188 468 186 464
986 460 985 462 985 465 986 475 987 477 994 471 995 469 995 466 994 464 992 462 988 460
211 460 207 462 205 464 204 466 204 469 205 471 212 477 213 475 214 465 214 462 213 460
839 457 832 458 827 459 823 460 820 461 816 462 813 463 810 464 807 465 804 466 801 467 798 468 795 470 793 470 790 472 788 472 785 474 783 474 778 477 776 477 757 487 755 487 753 488 751 490 740 495 738 497 733 499 731 501 728 502 726 504 723 505 721 507 718 508 715 510 712 512 709 514 706 516 703 518 700 520 696 523 693 525 689 528 684 532 679 536 670 544 664 550 658 557 655 561 653 564 651 567 649 571 648 574 647 577 646 583 648 589 650 589 654 588 658 587 661 586 664 585 667 584 670 582 672 582 675 581 678 580 681 578 683 578 686 576 689 575 692 574 695 573 698 572 701 571 704 570 708 569 713 568 718 567 736 567 743 568 748 569 753 570 754 571 760 572 768 573 778 573 784 572 787 571 790 570 792 569 795 567 798 565 804 559 808 554 811 550 812 547 814 545 816 540 818 538 822 530 822 528 825 523 825 521 828 516 828 514 830 511 830 509 832 506 832 504 834 501 834 499 844 479 846 476 848 473 850 470 854 465 860 459 858 458 855 457
344 457 341 458 339 459 345 465 349 470 351 473 353 476 355 479 358 486 360 488 360 490 365 499 365 501 367 504 367 506 369 509 369 511 372 516 372 518 374 521 374 523 377 528 377 530 381 538 383 540 385 545 387 547 388 550 391 554 395 559 401 565 404 567 407 569 409 570 412 571 415 572 421 573 431 573 439 572 445 571 450 570 451 569 456 568 464 567 481 567 486 568 491 569 495 570 498 571 501 572 504 573 507 574 510 575 513 576 516 578 518 578 521 579 524 581 527 582 529 582 532 584 535 585 538 586 541 587 545 588 549 589 552 588 553 583 552 577 551 574 550 571 548 567 546 564 544 561 541 557 535 550 529 544 520 536 515 532 510 528 506 525 502 522 499 520 496 518 493 516 490 514 487 512 484 510 481 508 478 507 476 505 473 504 471 502 468 501 466 499 459 496 457 494 448 490 446 488 444 487 442 487 440 486 438 484 436 484 434 482 432 482 423 477 421 477 416 474 414 474 411 472 409 472 406 470 404 470 401 468 398 467 395 466 392 465 389 464 386 463 383 462 380 461 376 460 372 459 367 458 360 457
975 439 975 444 976 446 978 447 983 448 986 448 986 446 980 438
940 438 931 439 926 440 922 441 918 442 915 443 912 444 909 445 906 446 903 448 901 448 890 454 888 454 886 456 881 458 879 460 876 461 873 463 870 465 867 467 862 471 854 479 853 482 851 484 849 487 847 492 845 494 843 497 840 504 838 506 836 510 836 512 834 515 833 519 833 522 834 524 836 526 838 527 840 527 844 526 847 525 848 524 852 523 857 522 861 521 867 520 873 519 880 518 887 517 895 516 903 516 911 515 912 514 921 514 927 513 931 512 934 511 937 509 939 509 941 507 944 506 947 504 952 500 963 489 965 486 967 483 971 475 972 472 973 468 973 460 972 455 969 449 967 447 965 445 963 443 960 441 957 440 954 439 947 438
252 438 245 439 242 440 239 441 237 442 234 445 232 447 230 449 227 455 226 460 226 468 227 472 228 475 232 483 234 486 236 489 247 500 252 504 255 506 258 507 260 509 262 509 265 511 268 512 272 513 279 514 288 515 296 516 304 516 312 517 319 518 326 519 332 520 337 521 342 522 347 523 351 524 354 525 355 526 359 527 361 527 363 526 365 524 366 522 366 518 365 515 364 512 360 504 358 502 357 499 355 497 354 494 352 492 351 489 349 487 347 482 345 479 337 471 332 467 329 465 325 462 322 461 320 459 313 456 311 454 309 454 298 448 296 448 293 446 290 445 287 444 284 443 281 442 277 441 273 440 268 439 259 438
219 438 213 446 213 448 216 448 221 447 223 446 223 438
1006 427 1004 428 1002 429 1001 431 1001 436 1003 438 1005 440 1007 442 1009 443 1011 444 1012 432 1011 430 1009 428
193 427 190 428 188 430 187 432 187 443 191 443 194 440 196 438 198 436 198 431 197 429 195 428
607 417 604 418 598 418 590 417 594 418 605 419 609 416
590 405 591 408 595 410 603 410 605 409 607 407 607 405 603 407 594 407
972 402 971 404 971 406 972 410 973 412 976 415 978 415 978 411 979 405 977 403 975 402
224 402 222 403 220 405 220 409 221 415 224 414 226 412 227 410 228 406 228 404 227 402
1001 396 1000 398 999 401 1000 410 1005 410 1007 408 1008 405 1009 402 1009 399 1007 397 1004 396
195 396 192 397 190 399 190 402 191 405 193 409 200 409 200 401 199 398 198 396
600 392 592 395 594 396 605 396 607 393 605 392
673 385 672 387 671 389 671 391 669 393 668 395 668 397 667 399 665 401 665 403 663 405 655 422 653 424 638 454 638 456 633 465 633 467 630 472 630 474 628 477 628 479 626 482 625 485 624 488 623 491 622 494 621 497 620 500 619 504 618 508 617 513 616 518 615 527 615 541 616 548 617 553 619 556 619 554 620 551 621 548 622 545 623 542 625 539 625 537 630 528 630 526 633 520 635 518 638 511 640 509 641 506 643 504 644 501 646 499 647 496 649 494 650 491 652 489 654 484 656 482 661 472 661 470 663 467 664 463 665 459 666 453 667 446 668 439 669 425 669 409 670 400 671 393 672 388 673 387
526 385 526 387 527 392 528 393 529 401 530 411 531 423 530 425 531 438 532 446 533 453 534 459 535 463 536 467 538 470 538 472 543 482 545 484 547 489 549 491 550 494 552 497 554 499 555 502 557 504 559 509 561 511 563 516 565 518 565 520 567 522 569 526 569 528 574 537 574 539 576 542 577 545 578 548 578 550 579 553 580 554 581 556 581 554 582 549 583 548 584 541 584 527 583 518 582 513 581 508 580 504 579 500 578 497 577 494 576 491 575 488 574 485 573 482 571 479 571 477 569 474 569 472 566 467 566 465 563 460 563 458 548 428 546 426 546 424 544 422 535 403 533 401 530 395 530 393 528 391 528 389 527 387
596 380 594 381 594 385 597 385 600 385 606 386 607 384 605 380
675 379
524 379
924 377 920 378 917 379 913 381 910 383 907 385 901 390 887 404 879 411 873 416 868 420 863 424 859 427 856 429 852 432 849 433 847 435 844 437 841 439 838 440 836 442 824 448 822 448 819 450 817 450 815 451 818 451 848 451 849 452 857 451 865 450 870 449 876 448 881 447 885 446 889 445 893 444 897 443 900 442 903 441 906 440 909 439 912 437 914 437 917 435 919 435 925 432 927 430 930 429 933 427 937 424 943 418 945 415 946 413 947 410 948 407 948 401 947 396 944 390 942 387 940 384 938 382 934 379 931 378 928 377
271 377 268 378 265 379 262 382 260 384 256 388 253 394 252 397 251 400 251 407 252 411 254 415 256 418 262 424 266 427 269 429 272 430 274 432 278 434 280 434 285 437 287 437 290 439 293 440 296 441 299 442 302 443 306 444 310 445 314 446 318 447 323 448 329 449 334 450 342 451 350 452 380 452 381 451 384 451 382 450 380 450 377 448 375 448 365 443 363 441 358 439 355 437 352 435 350 433 347 432 343 429 340 427 336 424 331 420 326 416 320 411 312 404 298 390 292 385 289 383 286 381 282 379 279 378 275 377
676 376
523 376
598 372 596 375 599 374 603 375 601 372
961 364 960 366 960 368 961 371 967 377 970 378 970 373 969 369 965 364
234 364 230 369 229 372 230 378 232 377 238 371 239 368 239 366 238 364 236 363
984 347 983 350 983 359 984 364 985 368 986 370 988 372 991 371 992 367 992 353 991 350 990 348 988 346
211 346 209 348 208 350 207 353 207 367 209 372 212 372 213 370 214 368 215 364 216 360 216 350 214 346
928 341 928 343 934 349 936 350 938 350 938 344 935 341
264 341 261 344 261 350 263 350 265 349 271 343 271 341
854 332 844 333 840 334 837 335 834 336 828 339 825 341 817 349 815 352 813 355 812 358 810 360 808 363 807 366 805 368 804 371 802 373 800 378 798 380 796 385 794 387 790 396 788 398 788 400 786 402 775 424 775 426 771 433 771 435 769 438 769 440 767 443 766 446 765 449 764 452 763 455 762 460 762 468 765 468 768 467 779 461 781 461 788 457 790 457 793 455 795 455 798 454 801 453 804 452 806 450 808 450 812 448 814 446 819 444 821 442 824 441 826 439 829 438 832 436 835 434 838 432 841 430 844 428 848 425 852 422 856 419 861 415 867 410 882 395 886 390 889 386 891 383 895 375 896 372 897 369 897 357 896 354 894 350 885 341 882 339 876 336 873 335 870 334 866 333 857 332
342 332 333 333 329 334 326 335 323 336 317 339 314 341 305 350 303 354 302 357 302 368 303 372 304 375 308 383 310 386 313 390 317 395 332 410 338 415 343 419 347 422 351 425 355 428 358 430 361 432 364 434 367 436 370 438 373 439 375 441 378 442 380 444 387 447 389 449 391 450 393 450 398 453 401 454 404 455 406 455 409 457 411 457 416 460 418 460 433 468 437 468 437 459 436 455 435 452 434 449 433 446 432 443 430 440 430 438 428 435 428 433 424 426 424 424 412 400 410 398 405 387 403 385 401 380 399 378 397 373 395 371 394 368 392 366 391 363 389 360 387 358 386 355 384 352 382 349 374 341 371 339 365 336 362 335 359 334 355 333 345 332
949 320 945 321 945 325 946 327 953 334 956 336 958 337 960 337 962 336 966 333 968 331 968 329 967 327 963 323 959 321 956 320
243 320 240 321 236 323 232 327 231 329 231 331 233 333 237 336 239 337 241 337 243 336 246 334 253 327 254 325 254 321 251 321
895 317 895 321 896 323 900 327 903 328 914 328 914 324 910 320 904 317
295 317 289 320 285 324 285 328 296 328 299 327 303 323 304 321 304 317
400 310 396 312 392 316 389 322 388 329 389 339 390 342 391 346 392 349 393 352 395 355 395 357 398 362 398 364 405 378 407 380 414 395 416 397 427 419 427 421 431 428 431 430 433 433 433 435 435 438 436 441 436 443 438 446 439 449 440 452 441 455 442 458 442 461 443 464 444 468 445 471 451 477 454 479 458 482 461 483 463 485 466 487 469 488 471 490 474 492 477 494 480 495 483 497 486 499 489 501 492 503 495 505 499 508 502 510 506 513 509 515 513 518 517 521 523 526 529 531 537 538 552 553 560 562 564 567 564 568 567 570 567 566 568 556 567 550 566 545 565 542 564 538 563 535 561 532 561 530 560 527 557 522 557 520 551 509 551 507 550 505 548 503 544 494 542 492 540 487 538 485 536 480 534 478 533 475 531 472 529 470 528 467 526 464 524 462 523 459 521 456 519 453 517 451 516 448 514 445 512 443 511 440 509 437 507 435 506 432 504 429 502 426 500 424 499 421 497 419 496 416 494 413 492 410 490 407 488 405 487 402 485 399 483 396 481 394 480 391 478 388 476 385 474 382 472 379 470 376 468 373 466 370 464 367 462 364 460 361 458 358 455 354 453 351 450 347 448 344 445 340 442 336 439 332 436 328 424 316 421 314 415 311 412 310
793 309 787 310 784 311 778 314 775 316 764 327 760 332 757 336 754 340 751 344 749 347 746 351 744 354 741 358 739 361 737 364 735 367 733 370 731 373 729 376 727 379 725 382 723 385 721 388 719 391 718 394 716 396 714 399 712 402 710 405 709 408 707 410 705 413 704 416 702 418 700 421 699 424 697 426 695 429 694 432 692 434 690 437 688 440 687 443 685 445 684 448 682 450 680 453 678 456 676 459 675 462 673 464 671 467 669 470 668 473 666 475 665 478 663 480 662 483 660 485 657 492 655 494 651 503 649 505 646 511 646 513 642 520 642 522 639 527 638 530 638 532 636 535 635 538 634 542 633 546 632 550 631 557 631 565 632 570 635 568 639 563 639 562 647 553 661 539 670 531 676 526 682 521 686 518 690 515 693 513 697 510 700 508 704 505 707 503 710 501 713 499 716 497 719 496 721 494 724 492 725 492 727 490 730 489 733 487 736 485 739 483 742 481 745 479 748 477 754 471 755 468 756 464 757 461 757 458 758 455 759 452 760 449 761 446 763 443 763 441 764 438 766 435 766 433 768 430 768 428 771 423 771 421 783 397 785 395 790 384 792 382 801 364 801 362 804 357 804 355 806 352 807 349 808 346 809 343 810 339 810 331 810 328 810 322 807 316 803 312 799 310
861 298 859 299 856 302 855 304 855 308 856 310 858 312 860 313 869 313 872 312 875 310 877 306 877 303 875 301 869 298
331 298 328 299 324 301 322 303 322 307 325 310 327 312 330 313 339 313 341 312 343 310 344 308 344 304 343 302 340 299 338 298
911 295 911 301 912 303 919 310 925 310 928 309 930 307 931 305 931 303 926 298 922 296 919 295
280 295 277 296 273 298 268 303 268 305 269 307 271 309 274 310 280 310 287 303 288 301 288 295
813 287 810 288 810 291 812 295 817 300 821 302 825 303 839 303 841 302 841 300 839 297 835 294 829 291 826 290 823 289 820 288
738 287 735 288 731 290 727 293 721 299 717 304 715 307 713 310 711 313 709 318 707 320 701 332 701 334 697 341 697 343 695 346 695 348 693 351 692 354 692 356 690 359 689 362 688 365 687 368 686 371 685 375 684 378 683 381 682 385 681 389 680 392 679 396 678 400 677 404 677 409 676 413 675 414 674 420 673 426 672 435 673 452 673 454 674 452 675 449 677 447 678 444 680 441 682 439 683 436 685 433 687 430 689 427 691 424 693 421 695 418 697 415 699 413 701 410 703 407 705 404 707 401 709 398 710 395 713 392 714 389 716 387 718 384 719 381 721 379 723 376 724 373 726 371 727 368 729 366 730 363 732 361 734 356 736 354 741 343 743 341 744 339 744 337 746 335 746 333 750 326 751 323 752 320 753 317 754 314 755 310 756 305 756 299 755 295 748 288 745 287
454 287 451 288 444 295 443 299 443 305 444 310 445 314 446 317 447 320 448 323 450 326 450 328 453 333 453 335 455 337 457 341 457 343 459 345 463 354 465 356 467 361 469 363 470 366 472 368 473 371 475 373 476 376 478 379 480 381 481 384 483 387 485 390 487 393 489 395 490 398 492 401 494 404 496 407 498 410 500 413 502 415 504 418 506 421 508 424 510 427 512 430 514 433 516 436 517 439 519 441 521 444 522 447 524 449 525 452 526 454 526 452 527 435 526 426 525 420 524 414 523 410 522 409 522 404 521 400 520 396 519 392 518 388 517 385 516 381 515 378 514 375 513 371 512 368 511 365 510 362 509 359 507 356 507 354 506 351 504 348 504 346 502 343 502 341 498 334 498 332 492 320 490 318 488 313 486 310 484 307 482 304 478 299 472 293 468 290 464 288 461 287
386 287 379 288 376 289 373 290 370 291 364 294 360 297 358 300 358 302 360 303 374 303 378 302 382 300 387 295 389 291 389 288
781 279 778 280 776 282 775 284 775 289 778 294 780 295 787 294 790 293 792 292 797 287 797 285 794 282 790 280 786 279
413 279 409 280 405 282 402 285 402 287 407 292 409 293 412 294 419 295 421 294 424 289 424 284 423 282 421 280 418 279
869 278 870 282 871 284 873 286 876 288 880 289 885 290 889 288 888 286 886 284 884 282 882 280 878 278 873 277
326 277 321 278 317 280 311 286 310 288 314 290 320 289 323 288 326 286 329 283 330 278
825 268 825 274 826 277 830 277 840 278 844 277 844 275 842 273 840 271 838 269 835 268
364 268 361 269 359 271 357 273 355 275 355 277 358 277 368 278 373 277 373 275 375 270 374 268
774 265 766 266 761 267 758 268 754 270 753 272 755 272 768 273 771 272 773 271 778 265
421 265 426 271 428 272 431 273 443 273 446 272 445 270 441 268 438 267 433 266 425 265
794 260 792 264 791 267 791 269 793 270 798 270 802 269 806 265 806 263 802 260 800 259
402 258 399 259 397 260 393 263 393 265 397 269 401 270 406 270 408 269 408 267 407 264 406 261 404 259
395 246 415 246 420 247 424 248 432 252 435 255 443 259 446 260 450 260 455 261 458 262 464 265 468 268 481 281 485 286 488 290 491 294 493 297 495 300 497 303 499 306 500 309 502 311 504 314 505 317 507 319 508 322 510 324 512 329 514 331 519 342 521 344 537 376 537 378 543 389 543 391 548 400 548 402 550 405 550 407 553 412 553 414 556 419 556 421 558 424 558 426 560 429 560 431 562 434 563 437 563 439 565 442 566 445 566 447 568 450 569 453 570 456 570 458 572 461 573 464 574 467 575 470 576 473 577 476 578 479 579 483 580 486 581 489 582 492 582 495 581 474 582 472 581 456 583 434 582 433 583 420 584 412 585 405 586 399 587 393 588 388 589 384 590 381 591 378 592 375 593 373 598 368 601 368 605 373 607 375 608 378 609 381 610 384 611 388 612 393 613 398 614 404 615 411 616 421 617 433 617 454 618 455 617 472 618 477 618 480 617 495 617 492 618 489 619 486 620 483 621 479 622 476 623 473 624 470 625 467 626 464 627 461 629 458 629 456 630 453 631 450 633 447 633 445 634 442 636 439 636 437 637 434 639 431 639 429 641 426 641 424 643 421 643 419 646 414 646 412 648 409 648 407 651 402 651 400 656 391 656 389 662 378 662 376 679 342 681 340 685 331 687 329 689 324 691 322 692 319 694 317 695 314 697 312 698 309 700 306 702 303 704 300 706 297 708 294 711 290 714 286 718 281 731 268 735 265 741 262 744 261 749 260 753 260 756 259 764 255 767 252 775 248 779 247 784 246 804 246 811 247 816 248 821 249 825 251 830 248 845 248 849 249 853 250 856 251 859 252 862 253 865 255 867 255 872 258 874 258 876 260 878 260 880 262 882 262 884 264 890 267 900 267 904 268 907 269 913 272 916 274 920 277 926 283 934 282 938 283 942 285 945 287 948 289 959 300 962 304 962 305 964 307 969 307 972 308 976 310 985 319 987 323 988 325 993 327 997 331 999 334 1001 338 1002 341 1003 344 1004 348 1005 352 1005 357 1006 364 1009 364 1015 367 1022 374 1024 377 1025 379 1026 382 1027 385 1026 392 1026 394 1029 397 1030 401 1030 406 1029 412 1028 416 1027 419 1025 423 1024 425 1031 431 1033 435 1034 438 1034 447 1033 451 1032 452 1031 457 1034 458 1036 460 1038 463 1039 468 1038 474 1037 477 1036 480 1034 483 1034 485 1031 490 1030 493 1029 496 1028 499 1027 504 1028 527 1028 538 1027 543 1026 546 1025 549 1024 551 1022 554 1020 557 1011 567 1013 568 1016 569 1019 571 1023 574 1030 581 1034 586 1036 589 1037 592 1039 594 1043 602 1043 604 1045 607 1046 610 1047 613 1048 617 1049 620 1050 625 1051 632 1050 654 1052 655 1055 657 1060 662 1062 665 1064 669 1064 671 1066 674 1067 678 1068 682 1069 687 1070 694 1070 701 1071 710 1072 716 1073 720 1074 724 1076 727 1076 729 1077 732 1081 739 1081 741 1086 750 1086 752 1089 757 1090 760 1091 763 1092 766 1093 769 1094 773 1095 780 1094 793 1094 796 1096 799 1100 804 1104 808 1107 812 1109 815 1112 819 1115 823 1117 826 1119 829 1121 832 1123 835 1125 838 1127 841 1129 844 1130 847 1132 849 1133 852 1135 854 1137 857 1139 862 1141 864 1146 875 1148 877 1148 879 1150 881 1154 889 1154 891 1158 898 1158 900 1161 905 1161 907 1163 910 1164 913 1164 915 1166 918 1167 921 1168 924 1169 927 1170 930 1171 933 1172 937 1173 940 1174 944 1175 948 1176 953 1177 959 1178 966 1178 993 1177 998 1176 1002 1174 1005 1174 1007 1172 1010 1165 1017 1161 1019 1158 1020 1133 1020 1119 1019 1110 1018 1102 1017 1095 1016 1089 1015 1083 1014 1078 1013 1073 1012 1069 1011 1064 1010 1060 1009 1055 1008 1052 1007 1048 1006 1044 1005 1041 1004 1037 1003 1034 1002 1031 1001 1027 1000 1024 999 1021 998 1018 997 1015 996 1012 995 1009 993 1007 993 1004 992 1001 991 998 989 996 989 993 987 991 987 988 985 986 985 983 983 981 983 976 980 974 980 965 975 963 975 929 958 927 956 920 953 918 951 913 949 911 947 908 946 906 944 903 943 901 941 898 940 896 938 893 937 890 935 888 933 885 932 882 930 879 928 876 926 873 924 870 922 867 920 864 918 860 915 857 913 853 910 850 908 846 905 842 902 839 900 834 896 830 893 826 890 821 886 816 882 811 878 805 873 799 868 792 862 784 855 775 847 760 833 724 797 711 783 702 773 694 764 688 757 683 751 678 745 673 739 669 734 665 729 661 724 658 720 654 715 651 711 648 707 645 703 642 699 639 695 637 692 634 688 632 685 629 681 627 678 627 677 625 674 623 671 620 667 618 664 616 661 615 663 615 665 614 668 613 669 613 671 615 672 618 673 626 681 627 683 628 687 627 692 626 695 619 702 614 704 612 705 613 708 614 712 615 715 616 718 617 721 618 724 620 727 620 729 621 732 623 735 623 737 625 740 625 742 628 747 628 749 633 758 633 760 648 790 650 792 654 801 656 803 658 808 660 810 661 813 663 815 664 818 666 820 667 823 669 826 671 828 672 831 674 834 676 837 678 840 680 843 683 847 685 850 687 853 690 857 693 861 697 866 701 871 707 878 726 897 731 901 735 904 738 906 741 908 743 909 746 909 749 911 751 911 759 915 762 917 768 923 768 927 766 929 763 929 760 928 757 927 753 925 750 923 747 921 741 914 738 911 732 906 731 906 706 881 700 874 695 868 691 863 687 858 684 854 681 850 679 847 677 844 674 840 672 837 670 834 668 831 666 828 665 825 663 823 661 820 660 817 658 815 657 812 655 810 653 805 651 803 650 800 648 798 629 760 629 758 625 751 625 749 622 744 622 742 620 739 620 737 618 734 618 732 616 729 616 727 614 724 614 722 613 719 611 716 610 713 610 711 609 708 608 706 591 706 590 708 590 710 589 713 588 716 586 719 586 721 585 724 583 727 583 729 581 732 581 734 579 737 579 739 577 742 577 744 574 749 574 751 571 756 571 758 563 773 563 775 561 777 559 781 559 783 557 785 551 798 549 800 547 805 545 807 543 812 541 814 540 817 538 820 536 822 535 825 533 828 531 831 529 834 527 837 525 840 522 844 520 847 518 850 515 854 512 858 508 863 504 868 500 873 493 881 468 906 462 911 461 911 458 914 452 921 449 923 446 925 442 927 439 928 436 929 433 929 431 927 431 923 437 917 440 915 448 911 450 911 453 909 456 909 458 907 461 906 464 904 467 902 473 897 493 877 498 871 502 866 506 861 509 857 511 854 514 850 516 847 519 843 521 840 523 837 525 834 527 831 528 828 530 826 532 823 533 820 535 818 537 815 539 810 541 808 543 803 545 801 549 792 551 790 567 758 567 756 571 749 571 747 574 742 574 740 576 737 576 735 578 732 578 730 580 727 581 724 582 721 583 718 584 715 585 712 586 709 587 705 585 704 580 702 573 695 572 692 571 687 572 683 573 681 581 673 584 672 586 671 586 669 585 666 584 665 584 663 583 661 581 664 579 667 576 671 575 674 572 677 570 680 570 681 567 685 565 688 562 692 560 695 557 699 554 703 551 707 548 711 545 715 541 720 538 724 534 729 530 734 526 739 521 745 516 751 511 757 505 764 498 772 488 783 475 797 438 834 424 847 415 855 407 862 400 868 394 873 388 878 383 882 378 886 373 890 369 893 365 896 360 900 356 903 353 905 349 908 346 910 342 913 339 915 335 918 332 920 329 922 326 924 323 926 320 928 317 930 314 932 311 933 309 935 306 937 303 938 301 940 298 941 296 943 293 944 291 946 288 947 286 949 281 951 279 953 272 956 270 958 236 975 234 975 225 980 223 980 218 983 216 983 213 985 211 985 208 987 206 987 203 989 201 989 198 991 195 992 193 992 190 994 187 995 184 996 181 997 178 998 175 999 172 1000 169 1001 165 1002 162 1003 158 1004 155 1005 151 1006 147 1007 144 1008 139 1009 135 1010 131 1011 126 1012 121 1013 115 1014 110 1015 104 1016 97 1017 89 1018 80 1019 66 1020 41 1020 38 1019 34 1017 27 1010 24 1004 23 1001 22 998 21 993 21 985 20 980 20 978 21 966 22 959 23 953 24 948 25 944 26 941 27 937 28 933 29 930 30 927 31 924 32 921 33 918 35 915 35 913 36 910 38 907 38 905 41 900 41 898 45 891 45 889 46 887 48 885 49 883 49 881 51 877 53 875 58 864 60 862 62 857 64 854 66 852 67 849 69 847 70 844 72 841 74 838 76 835 78 832 80 829 82 826 84 823 87 819 90 815 92 812 96 808 99 804 103 799 105 796 105 793 104 779 105 773 106 769 107 766 108 763 109 760 110 757 114 750 114 748 118 741 118 739 122 732 123 729 123 727 125 724 126 720 127 716 128 709 129 702 129 694 130 688 131 682 132 678 133 674 135 671 135 669 137 665 139 662 144 657 147 655 149 654 148 631 149 626 150 621 151 617 152 613 153 610 155 607 155 605 157 602 157 600 159 596 161 594 163 589 165 586 169 581 176 574 180 571 183 569 186 568 188 567 179 557 177 554 175 551 174 549 173 546 172 543 171 538 171 527 172 504 171 499 170 496 169 493 168 490 165 485 165 483 163 480 162 477 161 474 160 468 161 463 163 460 165 458 168 457 167 452 166 448 165 447 165 438 166 435 168 431 175 425 174 423 172 419 171 416 170 412 169 407 170 405 169 401 170 397 173 394 173 392 172 385 173 382 174 379 175 377 177 374 184 367 190 364 193 364 193 358 194 352 195 348 196 344 197 341 198 338 200 334 202 331 206 327 211 325 212 323 214 319 223 310 227 308 230 307 235 307 237 305 240 301 240 300 251 289 254 287 257 285 261 283 265 282 271 282 273 283 279 277 283 274 286 272 290 270 292 270 295 268 299 267 309 267 313 265 315 263 317 262 319 262 321 260 323 260 332 255 334 255 337 253 340 252 343 251 346 250 350 249 354 248 369 248 374 251 378 249 383 248 389 247
1 1 1 1198 1198 1198 1198 1
